,open,high,low,close,volume
2009-05-20,0.0,0.0,0.0,0.0,0.0
2009-05-21,0.0,0.0,0.0,0.0,0.0
2009-05-22,0.0,0.0,0.0,0.0,0.0
2009-05-25,0.0,0.0,0.0,0.0,0.0
2009-05-26,0.0,0.0,0.0,0.0,0.0
2009-05-27,0.0,0.0,0.0,0.0,0.0
2009-05-28,0.0,0.0,0.0,0.0,0.0
2009-05-29,0.0,0.0,0.0,0.0,0.0
2009-06-01,0.0,0.0,0.0,0.0,0.0
2009-06-02,0.0,0.0,0.0,0.0,0.0
2009-06-03,0.0,0.0,0.0,0.0,0.0
2009-06-04,0.0,0.0,0.0,0.0,0.0
2009-06-05,0.0,0.0,0.0,0.0,0.0
2009-06-08,0.0,0.0,0.0,0.0,0.0
2009-06-09,0.0,0.0,0.0,0.0,0.0
2009-06-10,0.0,0.0,0.0,0.0,0.0
2009-06-11,0.0,0.0,0.0,0.0,0.0
2009-06-12,0.0,0.0,0.0,0.0,0.0
2009-06-15,0.0,0.0,0.0,0.0,0.0
2009-06-16,0.0,0.0,0.0,0.0,0.0
2009-06-17,0.0,0.0,0.0,0.0,0.0
2009-06-18,0.0,0.0,0.0,0.0,0.0
2009-06-19,0.0,0.0,0.0,0.0,0.0
2009-06-22,0.0,0.0,0.0,0.0,0.0
2009-06-23,0.0,0.0,0.0,0.0,0.0
2009-06-24,0.0,0.0,0.0,0.0,0.0
2009-06-25,0.0,0.0,0.0,0.0,0.0
2009-06-26,0.0,0.0,0.0,0.0,0.0
2009-06-29,0.0,0.0,0.0,0.0,0.0
2009-06-30,0.0,0.0,0.0,0.0,0.0
2009-07-01,0.0,0.0,0.0,0.0,0.0
2009-07-02,0.0,0.0,0.0,0.0,0.0
2009-07-03,0.0,0.0,0.0,0.0,0.0
2009-07-06,0.0,0.0,0.0,0.0,0.0
2009-07-07,0.0,0.0,0.0,0.0,0.0
2009-07-08,0.0,0.0,0.0,0.0,0.0
2009-07-09,0.0,0.0,0.0,0.0,0.0
2009-07-10,0.0,0.0,0.0,0.0,0.0
2009-07-13,0.0,0.0,0.0,0.0,0.0
2009-07-14,0.0,0.0,0.0,0.0,0.0
2009-07-15,0.0,0.0,0.0,0.0,0.0
2009-07-16,0.0,0.0,0.0,0.0,0.0
2009-07-17,0.0,0.0,0.0,0.0,0.0
2009-07-20,0.0,0.0,0.0,0.0,0.0
2009-07-21,0.0,0.0,0.0,0.0,0.0
2009-07-22,0.0,0.0,0.0,0.0,0.0
2009-07-23,0.0,0.0,0.0,0.0,0.0
2009-07-24,0.0,0.0,0.0,0.0,0.0
2009-07-27,0.0,0.0,0.0,0.0,0.0
2009-07-28,0.0,0.0,0.0,0.0,0.0
2009-07-29,0.0,0.0,0.0,0.0,0.0
2009-07-30,0.0,0.0,0.0,0.0,0.0
2009-07-31,0.0,0.0,0.0,0.0,0.0
2009-08-03,0.0,0.0,0.0,0.0,0.0
2009-08-04,0.0,0.0,0.0,0.0,0.0
2009-08-05,0.0,0.0,0.0,0.0,0.0
2009-08-06,0.0,0.0,0.0,0.0,0.0
2009-08-07,0.0,0.0,0.0,0.0,0.0
2009-08-10,0.0,0.0,0.0,0.0,0.0
2009-08-11,0.0,0.0,0.0,0.0,0.0
2009-08-12,0.0,0.0,0.0,0.0,0.0
2009-08-13,0.0,0.0,0.0,0.0,0.0
2009-08-14,0.0,0.0,0.0,0.0,0.0
2009-08-17,0.0,0.0,0.0,0.0,0.0
2009-08-18,0.0,0.0,0.0,0.0,0.0
2009-08-19,0.0,0.0,0.0,0.0,0.0
2009-08-20,0.0,0.0,0.0,0.0,0.0
2009-08-21,0.0,0.0,0.0,0.0,0.0
2009-08-24,0.0,0.0,0.0,0.0,0.0
2009-08-25,0.0,0.0,0.0,0.0,0.0
2009-08-26,0.0,0.0,0.0,0.0,0.0
2009-08-27,0.0,0.0,0.0,0.0,0.0
2009-08-28,0.0,0.0,0.0,0.0,0.0
2009-08-31,0.0,0.0,0.0,0.0,0.0
2009-09-01,0.0,0.0,0.0,0.0,0.0
2009-09-02,0.0,0.0,0.0,0.0,0.0
2009-09-03,0.0,0.0,0.0,0.0,0.0
2009-09-04,0.0,0.0,0.0,0.0,0.0
2009-09-07,0.0,0.0,0.0,0.0,0.0
2009-09-08,0.0,0.0,0.0,0.0,0.0
2009-09-09,0.0,0.0,0.0,0.0,0.0
2009-09-10,0.0,0.0,0.0,0.0,0.0
2009-09-11,0.0,0.0,0.0,0.0,0.0
2009-09-14,0.0,0.0,0.0,0.0,0.0
2009-09-15,0.0,0.0,0.0,0.0,0.0
2009-09-16,0.0,0.0,0.0,0.0,0.0
2009-09-17,0.0,0.0,0.0,0.0,0.0
2009-09-18,0.0,0.0,0.0,0.0,0.0
2009-09-22,0.0,0.0,0.0,0.0,0.0
2009-09-23,0.0,0.0,0.0,0.0,0.0
2009-09-24,0.0,0.0,0.0,0.0,0.0
2009-09-25,0.0,0.0,0.0,0.0,0.0
2009-09-29,0.0,0.0,0.0,0.0,0.0
2009-09-30,0.0,0.0,0.0,0.0,0.0
2009-10-01,0.0,0.0,0.0,0.0,0.0
2009-10-05,0.0,0.0,0.0,0.0,0.0
2009-10-06,0.0,0.0,0.0,0.0,0.0
2009-10-07,0.0,0.0,0.0,0.0,0.0
2009-10-08,0.0,0.0,0.0,0.0,0.0
2009-10-09,0.0,0.0,0.0,0.0,0.0
2009-10-12,0.0,0.0,0.0,0.0,0.0
2009-10-14,0.0,0.0,0.0,0.0,0.0
2009-10-15,0.0,0.0,0.0,0.0,0.0
2009-10-16,0.0,0.0,0.0,0.0,0.0
2009-10-20,0.0,0.0,0.0,0.0,0.0
2009-10-21,0.0,0.0,0.0,0.0,0.0
2009-10-22,0.0,0.0,0.0,0.0,0.0
2009-10-23,0.0,0.0,0.0,0.0,0.0
2009-10-26,0.0,0.0,0.0,0.0,0.0
2009-10-27,0.0,0.0,0.0,0.0,0.0
2009-10-28,0.0,0.0,0.0,0.0,0.0
2009-10-29,0.0,0.0,0.0,0.0,0.0
2009-10-30,0.0,0.0,0.0,0.0,0.0
2009-11-03,0.0,0.0,0.0,0.0,0.0
2009-11-04,0.0,0.0,0.0,0.0,0.0
2009-11-05,0.0,0.0,0.0,0.0,0.0
2009-11-06,0.0,0.0,0.0,0.0,0.0
2009-11-09,0.0,0.0,0.0,0.0,0.0
2009-11-10,0.0,0.0,0.0,0.0,0.0
2009-11-11,0.0,0.0,0.0,0.0,0.0
2009-11-12,0.0,0.0,0.0,0.0,0.0
2009-11-13,0.0,0.0,0.0,0.0,0.0
2009-11-16,0.0,0.0,0.0,0.0,0.0
2009-11-17,0.0,0.0,0.0,0.0,0.0
2009-11-18,0.0,0.0,0.0,0.0,0.0
2009-11-19,0.0,0.0,0.0,0.0,0.0
2009-11-20,0.0,0.0,0.0,0.0,0.0
2009-11-23,0.0,0.0,0.0,0.0,0.0
2009-11-24,0.0,0.0,0.0,0.0,0.0
2009-11-25,0.0,0.0,0.0,0.0,0.0
2009-11-26,0.0,0.0,0.0,0.0,0.0
2009-11-27,0.0,0.0,0.0,0.0,0.0
2009-11-30,0.0,0.0,0.0,0.0,0.0
2009-12-01,0.0,0.0,0.0,0.0,0.0
2009-12-02,0.0,0.0,0.0,0.0,0.0
2009-12-03,0.0,0.0,0.0,0.0,0.0
2009-12-04,0.0,0.0,0.0,0.0,0.0
2009-12-07,0.0,0.0,0.0,0.0,0.0
2009-12-08,0.0,0.0,0.0,0.0,0.0
2009-12-09,0.0,0.0,0.0,0.0,0.0
2009-12-10,0.0,0.0,0.0,0.0,0.0
2009-12-11,0.0,0.0,0.0,0.0,0.0
2009-12-14,0.0,0.0,0.0,0.0,0.0
2009-12-15,0.0,0.0,0.0,0.0,0.0
2009-12-16,0.0,0.0,0.0,0.0,0.0
2009-12-17,0.0,0.0,0.0,0.0,0.0
2009-12-18,0.0,0.0,0.0,0.0,0.0
2009-12-21,0.0,0.0,0.0,0.0,0.0
2009-12-22,0.0,0.0,0.0,0.0,0.0
2009-12-23,0.0,0.0,0.0,0.0,0.0
2009-12-24,0.0,0.0,0.0,0.0,0.0
2009-12-29,0.0,0.0,0.0,0.0,0.0
2009-12-30,0.0,0.0,0.0,0.0,0.0
2009-12-31,0.0,0.0,0.0,0.0,0.0
2010-01-04,0.0,0.0,0.0,0.0,0.0
2010-01-05,0.0,0.0,0.0,0.0,0.0
2010-01-06,0.0,0.0,0.0,0.0,0.0
2010-01-07,0.0,0.0,0.0,0.0,0.0
2010-01-08,0.0,0.0,0.0,0.0,0.0
2010-01-11,0.0,0.0,0.0,0.0,0.0
2010-01-12,0.0,0.0,0.0,0.0,0.0
2010-01-13,0.0,0.0,0.0,0.0,0.0
2010-01-14,0.0,0.0,0.0,0.0,0.0
2010-01-15,0.0,0.0,0.0,0.0,0.0
2010-01-18,0.0,0.0,0.0,0.0,0.0
2010-01-19,0.0,0.0,0.0,0.0,0.0
2010-01-20,0.0,0.0,0.0,0.0,0.0
2010-01-21,0.0,0.0,0.0,0.0,0.0
2010-01-22,0.0,0.0,0.0,0.0,0.0
2010-01-25,0.0,0.0,0.0,0.0,0.0
2010-01-27,0.0,0.0,0.0,0.0,0.0
2010-01-28,0.0,0.0,0.0,0.0,0.0
2010-01-29,0.0,0.0,0.0,0.0,0.0
2010-02-01,0.0,0.0,0.0,0.0,0.0
2010-02-02,0.0,0.0,0.0,0.0,0.0
2010-02-03,0.0,0.0,0.0,0.0,0.0
2010-02-04,0.0,0.0,0.0,0.0,0.0
2010-02-05,0.0,0.0,0.0,0.0,0.0
2010-02-08,0.0,0.0,0.0,0.0,0.0
2010-02-09,0.0,0.0,0.0,0.0,0.0
2010-02-10,0.0,0.0,0.0,0.0,0.0
2010-02-11,0.0,0.0,0.0,0.0,0.0
2010-02-15,0.0,0.0,0.0,0.0,0.0
2010-02-16,0.0,0.0,0.0,0.0,0.0
2010-02-17,0.0,0.0,0.0,0.0,0.0
2010-02-18,0.0,0.0,0.0,0.0,0.0
2010-02-19,0.0,0.0,0.0,0.0,0.0
2010-02-22,0.0,0.0,0.0,0.0,0.0
2010-02-23,0.0,0.0,0.0,0.0,0.0
2010-02-24,0.0,0.0,0.0,0.0,0.0
2010-02-25,0.0,0.0,0.0,0.0,0.0
2010-02-26,0.0,0.0,0.0,0.0,0.0
2010-03-02,0.0,0.0,0.0,0.0,0.0
2010-03-03,0.0,0.0,0.0,0.0,0.0
2010-03-04,0.0,0.0,0.0,0.0,0.0
2010-03-05,0.0,0.0,0.0,0.0,0.0
2010-03-08,0.0,0.0,0.0,0.0,0.0
2010-03-09,0.0,0.0,0.0,0.0,0.0
2010-03-10,0.0,0.0,0.0,0.0,0.0
2010-03-11,0.0,0.0,0.0,0.0,0.0
2010-03-12,0.0,0.0,0.0,0.0,0.0
2010-03-15,0.0,0.0,0.0,0.0,0.0
2010-03-16,0.0,0.0,0.0,0.0,0.0
2010-03-17,0.0,0.0,0.0,0.0,0.0
2010-03-18,0.0,0.0,0.0,0.0,0.0
2010-03-19,0.0,0.0,0.0,0.0,0.0
2010-03-22,0.0,0.0,0.0,0.0,0.0
2010-03-23,0.0,0.0,0.0,0.0,0.0
2010-03-25,0.0,0.0,0.0,0.0,0.0
2010-03-26,0.0,0.0,0.0,0.0,0.0
2010-03-29,0.0,0.0,0.0,0.0,0.0
2010-03-30,0.0,0.0,0.0,0.0,0.0
2010-03-31,0.0,0.0,0.0,0.0,0.0
2010-04-01,0.0,0.0,0.0,0.0,0.0
2010-04-05,0.0,0.0,0.0,0.0,0.0
2010-04-06,0.0,0.0,0.0,0.0,0.0
2010-04-07,0.0,0.0,0.0,0.0,0.0
2010-04-08,0.0,0.0,0.0,0.0,0.0
2010-04-09,0.0,0.0,0.0,0.0,0.0
2010-04-12,0.0,0.0,0.0,0.0,0.0
2010-04-13,0.0,0.0,0.0,0.0,0.0
2010-04-15,0.0,0.0,0.0,0.0,0.0
2010-04-16,0.0,0.0,0.0,0.0,0.0
2010-04-19,0.0,0.0,0.0,0.0,0.0
2010-04-20,0.0,0.0,0.0,0.0,0.0
2010-04-21,0.0,0.0,0.0,0.0,0.0
2010-04-22,0.0,0.0,0.0,0.0,0.0
2010-04-23,0.0,0.0,0.0,0.0,0.0
2010-04-26,0.0,0.0,0.0,0.0,0.0
2010-04-27,0.0,0.0,0.0,0.0,0.0
2010-04-28,0.0,0.0,0.0,0.0,0.0
2010-04-29,0.0,0.0,0.0,0.0,0.0
2010-04-30,0.0,0.0,0.0,0.0,0.0
2010-05-03,0.0,0.0,0.0,0.0,0.0
2010-05-04,0.0,0.0,0.0,0.0,0.0
2010-05-05,0.0,0.0,0.0,0.0,0.0
2010-05-06,0.0,0.0,0.0,0.0,0.0
2010-05-07,0.0,0.0,0.0,0.0,0.0
2010-05-10,0.0,0.0,0.0,0.0,0.0
2010-05-11,0.0,0.0,0.0,0.0,0.0
2010-05-12,0.0,0.0,0.0,0.0,0.0
2010-05-13,0.0,0.0,0.0,0.0,0.0
2010-05-14,0.0,0.0,0.0,0.0,0.0
2010-05-17,0.0,0.0,0.0,0.0,0.0
2010-05-18,0.0,0.0,0.0,0.0,0.0
2010-05-19,0.0,0.0,0.0,0.0,0.0
2010-05-20,0.0,0.0,0.0,0.0,0.0
2010-05-21,0.0,0.0,0.0,0.0,0.0
2010-05-24,0.0,0.0,0.0,0.0,0.0
2010-05-25,0.0,0.0,0.0,0.0,0.0
2010-05-26,0.0,0.0,0.0,0.0,0.0
2010-05-27,0.0,0.0,0.0,0.0,0.0
2010-05-28,0.0,0.0,0.0,0.0,0.0
2010-05-31,0.0,0.0,0.0,0.0,0.0
2010-06-01,0.0,0.0,0.0,0.0,0.0
2010-06-02,0.0,0.0,0.0,0.0,0.0
2010-06-03,0.0,0.0,0.0,0.0,0.0
2010-06-04,0.0,0.0,0.0,0.0,0.0
2010-06-07,0.0,0.0,0.0,0.0,0.0
2010-06-08,0.0,0.0,0.0,0.0,0.0
2010-06-09,0.0,0.0,0.0,0.0,0.0
2010-06-10,0.0,0.0,0.0,0.0,0.0
2010-06-11,0.0,0.0,0.0,0.0,0.0
2010-06-14,0.0,0.0,0.0,0.0,0.0
2010-06-15,0.0,0.0,0.0,0.0,0.0
2010-06-16,0.0,0.0,0.0,0.0,0.0
2010-06-17,0.0,0.0,0.0,0.0,0.0
2010-06-18,0.0,0.0,0.0,0.0,0.0
2010-06-21,0.0,0.0,0.0,0.0,0.0
2010-06-22,0.0,0.0,0.0,0.0,0.0
2010-06-23,0.0,0.0,0.0,0.0,0.0
2010-06-24,0.0,0.0,0.0,0.0,0.0
2010-06-25,0.0,0.0,0.0,0.0,0.0
2010-06-28,0.0,0.0,0.0,0.0,0.0
2010-06-29,0.0,0.0,0.0,0.0,0.0
2010-06-30,0.0,0.0,0.0,0.0,0.0
2010-07-01,0.0,0.0,0.0,0.0,0.0
2010-07-02,0.0,0.0,0.0,0.0,0.0
2010-07-05,0.0,0.0,0.0,0.0,0.0
2010-07-06,0.0,0.0,0.0,0.0,0.0
2010-07-07,0.0,0.0,0.0,0.0,0.0
2010-07-08,0.0,0.0,0.0,0.0,0.0
2010-07-09,0.0,0.0,0.0,0.0,0.0
2010-07-12,0.0,0.0,0.0,0.0,0.0
2010-07-13,0.0,0.0,0.0,0.0,0.0
2010-07-14,0.0,0.0,0.0,0.0,0.0
2010-07-15,0.0,0.0,0.0,0.0,0.0
2010-07-16,0.0,0.0,0.0,0.0,0.0
2010-07-19,0.0,0.0,0.0,0.0,0.0
2010-07-20,0.0,0.0,0.0,0.0,0.0
2010-07-21,0.0,0.0,0.0,0.0,0.0
2010-07-22,0.0,0.0,0.0,0.0,0.0
2010-07-23,0.0,0.0,0.0,0.0,0.0
2010-07-26,0.0,0.0,0.0,0.0,0.0
2010-07-27,0.0,0.0,0.0,0.0,0.0
2010-07-28,0.0,0.0,0.0,0.0,0.0
2010-07-29,0.0,0.0,0.0,0.0,0.0
2010-07-30,0.0,0.0,0.0,0.0,0.0
2010-08-02,0.0,0.0,0.0,0.0,0.0
2010-08-03,0.0,0.0,0.0,0.0,0.0
2010-08-04,0.0,0.0,0.0,0.0,0.0
2010-08-05,0.0,0.0,0.0,0.0,0.0
2010-08-06,0.0,0.0,0.0,0.0,0.0
2010-08-09,0.0,0.0,0.0,0.0,0.0
2010-08-10,0.0,0.0,0.0,0.0,0.0
2010-08-11,0.0,0.0,0.0,0.0,0.0
2010-08-12,0.0,0.0,0.0,0.0,0.0
2010-08-13,0.0,0.0,0.0,0.0,0.0
2010-08-16,0.0,0.0,0.0,0.0,0.0
2010-08-17,0.0,0.0,0.0,0.0,0.0
2010-08-18,0.0,0.0,0.0,0.0,0.0
2010-08-19,0.0,0.0,0.0,0.0,0.0
2010-08-20,0.0,0.0,0.0,0.0,0.0
2010-08-23,0.0,0.0,0.0,0.0,0.0
2010-08-24,0.0,0.0,0.0,0.0,0.0
2010-08-25,0.0,0.0,0.0,0.0,0.0
2010-08-26,0.0,0.0,0.0,0.0,0.0
2010-08-27,0.0,0.0,0.0,0.0,0.0
2010-08-30,0.0,0.0,0.0,0.0,0.0
2010-08-31,0.0,0.0,0.0,0.0,0.0
2010-09-01,0.0,0.0,0.0,0.0,0.0
2010-09-02,0.0,0.0,0.0,0.0,0.0
2010-09-03,0.0,0.0,0.0,0.0,0.0
2010-09-06,0.0,0.0,0.0,0.0,0.0
2010-09-07,0.0,0.0,0.0,0.0,0.0
2010-09-08,0.0,0.0,0.0,0.0,0.0
2010-09-09,0.0,0.0,0.0,0.0,0.0
2010-09-13,0.0,0.0,0.0,0.0,0.0
2010-09-14,0.0,0.0,0.0,0.0,0.0
2010-09-15,0.0,0.0,0.0,0.0,0.0
2010-09-16,0.0,0.0,0.0,0.0,0.0
2010-09-17,0.0,0.0,0.0,0.0,0.0
2010-09-20,0.0,0.0,0.0,0.0,0.0
2010-09-21,0.0,0.0,0.0,0.0,0.0
2010-09-22,0.0,0.0,0.0,0.0,0.0
2010-09-23,0.0,0.0,0.0,0.0,0.0
2010-09-24,0.0,0.0,0.0,0.0,0.0
2010-09-27,0.0,0.0,0.0,0.0,0.0
2010-09-28,0.0,0.0,0.0,0.0,0.0
2010-09-29,0.0,0.0,0.0,0.0,0.0
2010-09-30,0.0,0.0,0.0,0.0,0.0
2010-10-01,0.0,0.0,0.0,0.0,0.0
2010-10-04,0.0,0.0,0.0,0.0,0.0
2010-10-05,0.0,0.0,0.0,0.0,0.0
2010-10-06,0.0,0.0,0.0,0.0,0.0
2010-10-07,0.0,0.0,0.0,0.0,0.0
2010-10-08,0.0,0.0,0.0,0.0,0.0
2010-10-11,0.0,0.0,0.0,0.0,0.0
2010-10-12,0.0,0.0,0.0,0.0,0.0
2010-10-13,0.0,0.0,0.0,0.0,0.0
2010-10-14,0.0,0.0,0.0,0.0,0.0
2010-10-15,0.0,0.0,0.0,0.0,0.0
2010-10-18,0.0,0.0,0.0,0.0,0.0
2010-10-19,0.0,0.0,0.0,0.0,0.0
2010-10-20,0.0,0.0,0.0,0.0,0.0
2010-10-21,0.0,0.0,0.0,0.0,0.0
2010-10-22,0.0,0.0,0.0,0.0,0.0
2010-10-25,0.0,0.0,0.0,0.0,0.0
2010-10-26,0.0,0.0,0.0,0.0,0.0
2010-10-27,0.0,0.0,0.0,0.0,0.0
2010-10-28,0.0,0.0,0.0,0.0,0.0
2010-10-29,0.0,0.0,0.0,0.0,0.0
2010-11-01,0.0,0.0,0.0,0.0,0.0
2010-11-02,0.0,0.0,0.0,0.0,0.0
2010-11-03,0.0,0.0,0.0,0.0,0.0
2010-11-04,0.0,0.0,0.0,0.0,0.0
2010-11-05,0.0,0.0,0.0,0.0,0.0
2010-11-08,0.0,0.0,0.0,0.0,0.0
2010-11-09,0.0,0.0,0.0,0.0,0.0
2010-11-10,0.0,0.0,0.0,0.0,0.0
2010-11-11,0.0,0.0,0.0,0.0,0.0
2010-11-12,0.0,0.0,0.0,0.0,0.0
2010-11-15,0.0,0.0,0.0,0.0,0.0
2010-11-16,0.0,0.0,0.0,0.0,0.0
2010-11-18,0.0,0.0,0.0,0.0,0.0
2010-11-19,0.0,0.0,0.0,0.0,0.0
2010-11-22,0.0,0.0,0.0,0.0,0.0
2010-11-23,0.0,0.0,0.0,0.0,0.0
2010-11-24,0.0,0.0,0.0,0.0,0.0
2010-11-25,0.0,0.0,0.0,0.0,0.0
2010-11-26,0.0,0.0,0.0,0.0,0.0
2010-11-29,0.0,0.0,0.0,0.0,0.0
2010-11-30,0.0,0.0,0.0,0.0,0.0
2010-12-01,0.0,0.0,0.0,0.0,0.0
2010-12-02,0.0,0.0,0.0,0.0,0.0
2010-12-03,0.0,0.0,0.0,0.0,0.0
2010-12-06,0.0,0.0,0.0,0.0,0.0
2010-12-07,0.0,0.0,0.0,0.0,0.0
2010-12-08,0.0,0.0,0.0,0.0,0.0
2010-12-09,0.0,0.0,0.0,0.0,0.0
2010-12-10,0.0,0.0,0.0,0.0,0.0
2010-12-13,0.0,0.0,0.0,0.0,0.0
2010-12-14,0.0,0.0,0.0,0.0,0.0
2010-12-15,0.0,0.0,0.0,0.0,0.0
2010-12-16,0.0,0.0,0.0,0.0,0.0
2010-12-20,0.0,0.0,0.0,0.0,0.0
2010-12-21,0.0,0.0,0.0,0.0,0.0
2010-12-22,0.0,0.0,0.0,0.0,0.0
2010-12-23,0.0,0.0,0.0,0.0,0.0
2010-12-24,0.0,0.0,0.0,0.0,0.0
2010-12-27,0.0,0.0,0.0,0.0,0.0
2010-12-28,0.0,0.0,0.0,0.0,0.0
2010-12-29,0.0,0.0,0.0,0.0,0.0
2010-12-30,0.0,0.0,0.0,0.0,0.0
2010-12-31,0.0,0.0,0.0,0.0,0.0
2011-01-03,0.0,0.0,0.0,0.0,0.0
2011-01-04,0.0,0.0,0.0,0.0,0.0
2011-01-05,0.0,0.0,0.0,0.0,0.0
2011-01-06,0.0,0.0,0.0,0.0,0.0
2011-01-07,0.0,0.0,0.0,0.0,0.0
2011-01-10,0.0,0.0,0.0,0.0,0.0
2011-01-11,0.0,0.0,0.0,0.0,0.0
2011-01-12,0.0,0.0,0.0,0.0,0.0
2011-01-13,0.0,0.0,0.0,0.0,0.0
2011-01-14,0.0,0.0,0.0,0.0,0.0
2011-01-17,0.0,0.0,0.0,0.0,0.0
2011-01-18,0.0,0.0,0.0,0.0,0.0
2011-01-19,0.0,0.0,0.0,0.0,0.0
2011-01-20,0.0,0.0,0.0,0.0,0.0
2011-01-21,0.0,0.0,0.0,0.0,0.0
2011-01-24,0.0,0.0,0.0,0.0,0.0
2011-01-25,0.0,0.0,0.0,0.0,0.0
2011-01-27,0.0,0.0,0.0,0.0,0.0
2011-01-28,0.0,0.0,0.0,0.0,0.0
2011-01-31,0.0,0.0,0.0,0.0,0.0
2011-02-01,0.0,0.0,0.0,0.0,0.0
2011-02-02,0.0,0.0,0.0,0.0,0.0
2011-02-03,0.0,0.0,0.0,0.0,0.0
2011-02-04,0.0,0.0,0.0,0.0,0.0
2011-02-07,0.0,0.0,0.0,0.0,0.0
2011-02-08,0.0,0.0,0.0,0.0,0.0
2011-02-09,0.0,0.0,0.0,0.0,0.0
2011-02-10,0.0,0.0,0.0,0.0,0.0
2011-02-11,0.0,0.0,0.0,0.0,0.0
2011-02-14,0.0,0.0,0.0,0.0,0.0
2011-02-15,0.0,0.0,0.0,0.0,0.0
2011-02-16,0.0,0.0,0.0,0.0,0.0
2011-02-17,0.0,0.0,0.0,0.0,0.0
2011-02-18,0.0,0.0,0.0,0.0,0.0
2011-02-21,0.0,0.0,0.0,0.0,0.0
2011-02-22,0.0,0.0,0.0,0.0,0.0
2011-02-23,0.0,0.0,0.0,0.0,0.0
2011-02-24,0.0,0.0,0.0,0.0,0.0
2011-02-25,0.0,0.0,0.0,0.0,0.0
2011-02-28,0.0,0.0,0.0,0.0,0.0
2011-03-01,0.0,0.0,0.0,0.0,0.0
2011-03-03,0.0,0.0,0.0,0.0,0.0
2011-03-04,0.0,0.0,0.0,0.0,0.0
2011-03-07,0.0,0.0,0.0,0.0,0.0
2011-03-08,0.0,0.0,0.0,0.0,0.0
2011-03-09,0.0,0.0,0.0,0.0,0.0
2011-03-10,0.0,0.0,0.0,0.0,0.0
2011-03-11,0.0,0.0,0.0,0.0,0.0
2011-03-14,0.0,0.0,0.0,0.0,0.0
2011-03-15,0.0,0.0,0.0,0.0,0.0
2011-03-16,0.0,0.0,0.0,0.0,0.0
2011-03-17,0.0,0.0,0.0,0.0,0.0
2011-03-18,0.0,0.0,0.0,0.0,0.0
2011-03-21,0.0,0.0,0.0,0.0,0.0
2011-03-22,0.0,0.0,0.0,0.0,0.0
2011-03-23,0.0,0.0,0.0,0.0,0.0
2011-03-24,0.0,0.0,0.0,0.0,0.0
2011-03-25,0.0,0.0,0.0,0.0,0.0
2011-03-28,0.0,0.0,0.0,0.0,0.0
2011-03-29,0.0,0.0,0.0,0.0,0.0
2011-03-30,0.0,0.0,0.0,0.0,0.0
2011-03-31,0.0,0.0,0.0,0.0,0.0
2011-04-01,0.0,0.0,0.0,0.0,0.0
2011-04-04,0.0,0.0,0.0,0.0,0.0
2011-04-05,0.0,0.0,0.0,0.0,0.0
2011-04-06,0.0,0.0,0.0,0.0,0.0
2011-04-07,0.0,0.0,0.0,0.0,0.0
2011-04-08,0.0,0.0,0.0,0.0,0.0
2011-04-11,0.0,0.0,0.0,0.0,0.0
2011-04-13,0.0,0.0,0.0,0.0,0.0
2011-04-15,0.0,0.0,0.0,0.0,0.0
2011-04-18,0.0,0.0,0.0,0.0,0.0
2011-04-19,0.0,0.0,0.0,0.0,0.0
2011-04-20,0.0,0.0,0.0,0.0,0.0
2011-04-21,0.0,0.0,0.0,0.0,0.0
2011-04-25,0.0,0.0,0.0,0.0,0.0
2011-04-26,0.0,0.0,0.0,0.0,0.0
2011-04-27,0.0,0.0,0.0,0.0,0.0
2011-04-28,0.0,0.0,0.0,0.0,0.0
2011-04-29,0.0,0.0,0.0,0.0,0.0
2011-05-02,0.0,0.0,0.0,0.0,0.0
2011-05-03,0.0,0.0,0.0,0.0,0.0
2011-05-04,0.0,0.0,0.0,0.0,0.0
2011-05-05,0.0,0.0,0.0,0.0,0.0
2011-05-06,150.08,151.84,123.21,134.28,60613615.0
2011-05-09,132.83,137.22,128.82,130.81,6129552.0
2011-05-10,130.54,135.42,129.39,134.62,5514954.0
2011-05-11,135.12,136.42,131.61,133.67,3348158.0
2011-05-12,132.83,133.13,126.0,129.05,2719399.0
2011-05-13,128.25,130.31,126.19,126.76,998959.0
2011-05-16,126.61,126.61,121.45,122.52,1530085.0
2011-05-17,122.9,123.67,118.93,122.06,875597.0
2011-05-18,121.76,124.43,120.77,121.49,567443.0
2011-05-19,122.26,122.37,118.32,118.71,276867.0
2011-05-20,119.09,123.97,118.44,120.61,731694.0
2011-05-23,120.5,122.06,118.71,120.61,343551.0
2011-05-24,120.61,123.86,119.55,123.06,568661.0
2011-05-25,122.6,125.04,118.13,118.67,601050.0
2011-05-26,119.93,122.45,119.09,120.31,512762.0
2011-05-27,121.3,133.59,121.3,131.99,4218741.0
2011-05-30,130.88,135.04,130.88,134.05,1223067.0
2011-05-31,134.36,135.04,130.58,133.94,604495.0
2011-06-01,134.16,138.74,132.03,138.06,1963698.0
2011-06-02,137.33,139.85,133.67,134.2,1546385.0
2011-06-03,132.83,136.53,130.81,135.81,1330147.0
2011-06-06,136.26,136.95,133.59,133.78,347137.0
2011-06-07,133.97,134.93,132.33,133.06,204739.0
2011-06-08,133.13,133.94,128.25,130.0,465391.0
2011-06-09,130.16,130.73,128.06,128.4,228604.0
2011-06-10,127.9,129.32,123.74,125.46,288082.0
2011-06-13,127.1,129.16,124.47,127.79,292508.0
2011-06-14,128.4,128.4,124.47,125.35,283959.0
2011-06-15,124.55,124.55,121.76,123.13,439170.0
2011-06-16,122.45,122.45,118.63,119.55,292400.0
2011-06-17,119.32,122.83,118.13,120.65,246344.0
2011-06-20,121.03,121.38,117.52,117.75,302130.0
2011-06-21,118.97,119.47,116.95,117.18,195394.0
2011-06-22,118.32,118.78,115.65,116.03,369374.0
2011-06-23,116.03,117.1,114.77,114.89,342393.0
2011-06-24,115.65,118.32,115.65,117.71,185985.0
2011-06-27,117.94,124.24,117.03,123.36,433739.0
2011-06-28,123.71,127.06,123.71,125.77,284992.0
2011-06-29,124.43,127.03,121.34,121.84,191610.0
2011-06-30,122.26,123.17,118.32,119.85,316850.0
2011-07-01,120.69,123.06,119.55,120.35,436070.0
2011-07-04,120.23,127.26,119.85,126.61,539440.0
2011-07-05,126.61,127.45,124.2,124.66,194339.0
2011-07-06,124.39,124.81,122.94,123.74,85854.0
2011-07-07,124.43,128.36,123.78,127.94,345960.0
2011-07-08,127.98,132.68,125.96,126.99,415999.0
2011-07-11,126.72,128.63,123.67,124.24,136170.0
2011-07-12,123.21,125.84,122.14,124.74,236220.0
2011-07-13,124.66,127.48,120.61,126.87,139147.0
2011-07-14,125.23,133.21,124.43,131.34,621576.0
2011-07-15,131.3,132.07,129.09,131.03,178941.0
2011-07-18,129.77,132.68,129.77,132.18,232122.0
2011-07-19,132.45,134.36,130.65,133.78,303391.0
2011-07-20,134.24,134.74,131.03,132.83,459548.0
2011-07-21,131.61,137.71,131.03,134.51,830956.0
2011-07-22,135.84,137.14,133.9,136.34,702506.0
2011-07-25,135.88,142.18,134.78,141.53,1433120.0
2011-07-26,141.42,146.3,137.83,139.24,1818056.0
2011-07-27,139.62,148.4,138.86,142.91,2979777.0
2011-07-28,144.58,146.91,141.95,142.71,1589669.0
2011-07-29,142.79,143.1,139.16,141.49,455865.0
2011-08-01,143.52,147.22,142.07,145.5,1132886.0
2011-08-02,145.0,145.46,139.47,141.19,383466.0
2011-08-03,137.37,143.52,135.5,142.18,614544.0
2011-08-04,142.79,145.73,142.45,144.51,593303.0
2011-08-05,139.85,145.77,136.65,143.55,969290.0
2011-08-08,139.32,145.04,138.25,144.13,490168.0
2011-08-09,141.3,144.13,138.25,139.85,369035.0
2011-08-10,143.52,145.04,140.92,144.24,416888.0
2011-08-11,141.72,151.45,141.53,148.25,2215486.0
2011-08-12,149.62,150.16,142.03,143.82,832097.0
2011-08-16,143.52,147.14,139.16,140.04,210663.0
2011-08-17,139.85,143.13,135.5,137.03,264162.0
2011-08-18,137.41,137.71,126.15,129.51,385971.0
2011-08-19,128.29,135.5,126.03,134.78,383366.0
2011-08-22,135.84,138.71,134.39,137.64,176545.0
2011-08-23,138.71,140.96,136.23,137.64,383793.0
2011-08-24,119.77,137.41,119.77,136.84,103210.0
2011-08-25,136.65,136.84,129.01,130.16,758353.0
2011-08-26,130.61,132.71,127.87,129.13,354815.0
2011-08-29,129.77,131.68,126.76,129.28,194875.0
2011-08-30,129.81,137.18,129.81,136.76,379682.0
2011-09-02,139.05,144.97,132.98,142.07,262654.0
2011-09-05,142.52,143.52,138.32,138.82,218302.0
2011-09-06,138.94,141.57,137.41,139.36,146282.0
2011-09-07,140.08,142.37,138.74,139.24,78864.0
2011-09-08,139.32,140.88,134.13,134.55,262987.0
2011-09-09,135.84,138.94,133.59,136.68,106637.0
2011-09-12,134.43,136.65,132.87,134.62,49661.0
2011-09-13,135.69,137.98,133.48,133.86,45513.0
2011-09-14,134.43,137.33,129.43,131.68,163630.0
2011-09-15,132.75,134.36,131.23,132.37,91505.0
2011-09-16,133.71,135.81,132.26,133.63,231405.0
2011-09-19,133.52,135.08,132.1,133.78,212461.0
2011-09-20,134.74,135.12,130.96,131.34,155934.0
2011-09-21,131.49,131.87,130.16,130.58,117057.0
2011-09-22,129.55,130.92,126.38,127.33,180369.0
2011-09-23,125.92,130.31,122.14,129.32,331445.0
2011-09-26,127.48,128.55,121.11,124.24,271529.0
2011-09-27,124.7,129.01,124.7,127.33,106890.0
2011-09-28,128.32,128.63,123.44,124.16,100163.0
2011-09-29,124.16,125.12,122.9,124.32,94644.0
2011-09-30,124.43,126.72,123.67,125.27,115130.0
2011-10-03,122.9,124.32,120.31,121.8,130708.0
2011-10-04,121.38,123.59,117.18,117.64,175801.0
2011-10-05,120.46,121.95,118.36,121.72,110600.0
2011-10-07,122.37,124.66,121.34,122.03,134329.0
2011-10-10,122.6,124.32,122.14,123.78,78598.0
2011-10-11,124.05,128.55,124.05,126.91,255446.0
2011-10-12,127.98,130.54,127.45,129.85,177423.0
2011-10-13,129.7,132.83,129.09,129.55,125304.0
2011-10-14,128.32,130.08,126.07,129.32,92279.0
2011-10-17,129.77,131.19,127.56,128.52,92022.0
2011-10-18,128.25,128.25,126.03,127.03,42458.0
2011-10-19,128.17,128.94,127.06,127.48,110215.0
2011-10-20,126.34,127.48,125.96,127.22,29586.0
2011-10-21,127.48,128.94,125.96,126.3,66969.0
2011-10-24,127.14,129.74,125.69,126.45,62274.0
2011-10-25,126.76,128.02,124.81,125.84,201894.0
2011-10-26,126.76,128.02,124.81,125.84,201894.0
2011-10-28,130.42,140.27,130.42,137.29,695384.0
2011-10-31,138.13,142.75,135.5,140.39,465280.0
2011-11-01,139.7,139.74,132.1,133.1,244785.0
2011-11-02,133.59,134.66,131.38,132.33,233617.0
2011-11-03,130.77,135.88,130.77,134.51,107004.0
2011-11-04,135.88,138.4,135.42,137.83,139112.0
2011-11-08,138.9,144.58,137.79,143.67,387686.0
2011-11-09,143.67,144.28,141.99,142.91,303756.0
2011-11-11,140.16,166.72,140.16,143.4,331227.0
2011-11-14,143.63,145.81,142.37,144.09,261344.0
2011-11-15,142.75,144.81,139.51,140.27,140650.0
2011-11-16,140.46,141.15,137.41,138.4,321632.0
2011-11-17,138.36,141.23,133.67,135.84,116575.0
2011-11-18,134.51,134.51,109.89,131.53,155385.0
2011-11-21,129.81,131.68,114.51,128.82,130327.0
2011-11-22,128.63,134.55,128.25,129.74,411149.0
2011-11-23,129.05,130.58,127.52,128.13,370592.0
2011-11-24,129.74,131.99,126.11,129.55,78232.0
2011-11-25,131.15,131.61,127.6,128.48,149524.0
2011-11-28,129.16,130.81,125.31,129.36,113047.0
2011-11-29,129.77,131.19,127.87,129.74,106819.0
2011-11-30,130.39,130.39,126.34,127.64,82482.0
2011-12-01,131.34,134.47,128.94,129.74,173286.0
2011-12-02,129.74,134.74,128.32,133.44,179917.0
2011-12-05,133.55,133.55,122.1,131.23,132952.0
2011-12-07,133.21,136.26,133.06,134.32,324843.0
2011-12-08,123.67,134.24,114.51,132.75,98865.0
2011-12-09,131.26,132.07,129.89,130.73,59712.0
2011-12-12,131.42,131.68,129.2,130.92,80154.0
2011-12-13,129.85,130.39,128.25,128.82,148162.0
2011-12-14,130.46,130.5,127.48,127.83,74313.0
2011-12-15,128.02,128.21,118.52,119.74,423957.0
2011-12-16,116.03,122.14,116.03,120.61,555954.0
2011-12-19,120.61,120.61,117.68,118.9,41878.0
2011-12-20,119.24,121.07,117.18,118.17,142800.0
2011-12-21,119.09,119.09,114.89,117.87,171099.0
2011-12-22,117.56,119.09,116.3,117.26,127721.0
2011-12-23,124.81,124.81,117.71,118.25,67955.0
2011-12-26,119.01,121.68,116.8,118.82,65494.0
2011-12-27,120.23,120.84,118.48,119.28,48500.0
2011-12-28,119.55,119.55,118.4,118.63,26315.0
2011-12-29,118.44,119.85,116.8,117.45,30338.0
2011-12-30,117.56,119.85,116.68,118.63,75346.0
2012-01-02,119.77,122.48,116.8,118.44,54450.0
2012-01-03,119.47,119.7,117.52,118.21,133083.0
2012-01-04,119.7,119.7,117.29,117.75,239405.0
2012-01-05,117.48,119.47,116.49,118.32,214067.0
2012-01-06,118.32,118.71,116.45,117.03,287925.0
2012-01-09,117.33,117.6,116.19,116.57,51482.0
2012-01-10,116.8,120.92,116.68,117.9,806486.0
2012-01-11,119.05,119.85,116.99,117.64,507249.0
2012-01-12,118.29,119.58,117.29,119.13,1156739.0
2012-01-13,119.89,124.28,119.89,121.68,312112.0
2012-01-16,119.85,121.38,118.71,120.19,205729.0
2012-01-17,120.92,124.66,120.23,123.82,362494.0
2012-01-18,123.82,124.62,122.22,122.48,116824.0
2012-01-19,123.63,124.35,122.26,123.59,208318.0
2012-01-20,123.67,127.1,123.06,124.58,173229.0
2012-01-23,124.43,126.68,124.43,125.54,189356.0
2012-01-24,124.93,129.01,124.93,127.45,341262.0
2012-01-25,127.52,129.97,125.96,128.32,259425.0
2012-01-27,129.01,137.33,127.52,134.89,501328.0
2012-01-30,134.36,137.41,134.01,135.84,306018.0
2012-01-31,137.18,141.91,133.32,138.21,875805.0
2012-02-01,138.21,141.99,136.15,137.37,315443.0
2012-02-02,138.86,140.46,137.49,139.66,250199.0
2012-02-03,139.7,142.75,135.88,138.67,98298.0
2012-02-06,141.42,141.87,138.13,139.36,327932.0
2012-02-07,139.24,139.24,130.23,132.98,1284511.0
2012-02-08,133.48,134.28,126.95,129.66,567842.0
2012-02-09,131.65,131.87,120.84,122.14,1925820.0
2012-02-10,123.97,125.58,119.16,121.8,786288.0
2012-02-13,122.56,125.12,121.91,124.47,154376.0
2012-02-14,124.81,126.3,123.59,125.46,279670.0
2012-02-15,125.96,131.68,125.27,130.61,274949.0
2012-02-16,130.5,131.26,129.09,130.39,220067.0
2012-02-17,130.54,135.42,129.77,130.54,361429.0
2012-02-21,132.07,133.44,130.54,132.1,195013.0
2012-02-22,132.9,133.52,128.13,128.55,484891.0
2012-02-23,127.48,130.73,123.71,124.58,364056.0
2012-02-24,126.0,127.48,122.29,123.4,233740.0
2012-02-27,123.4,125.12,117.56,119.74,590309.0
2012-02-28,120.54,122.06,116.91,118.29,612032.0
2012-02-29,117.87,120.42,117.87,118.97,183652.0
2012-03-01,118.55,121.3,117.41,118.13,88643.0
2012-03-02,121.23,121.23,117.64,118.21,426442.0
2012-03-05,119.05,120.77,118.29,119.39,319801.0
2012-03-06,119.85,121.57,118.55,120.65,661185.0
2012-03-07,120.61,126.19,119.85,124.77,409368.0
2012-03-09,126.3,128.02,124.01,124.89,200764.0
2012-03-12,125.96,126.61,121.76,123.06,192871.0
2012-03-13,124.05,128.02,122.6,126.91,238643.0
2012-03-14,127.1,129.39,126.03,126.95,163718.0
2012-03-15,127.29,131.23,126.87,129.43,306124.0
2012-03-16,129.77,131.3,124.55,127.33,332146.0
2012-03-19,128.32,129.39,125.23,125.84,205723.0
2012-03-20,125.96,127.45,123.59,125.19,79514.0
2012-03-21,123.29,125.88,123.29,124.01,115284.0
2012-03-22,120.61,120.61,99.24,112.26,9802639.0
2012-03-23,112.22,116.99,110.8,111.95,675852.0
2012-03-26,111.87,113.71,102.37,106.0,522021.0
2012-03-27,107.6,107.6,91.64,97.64,4341550.0
2012-03-28,97.71,110.08,94.66,100.65,2946112.0
2012-03-29,101.53,102.14,98.97,100.92,508475.0
2012-03-30,96.57,100.23,95.42,96.64,1690147.0
2012-04-02,96.99,99.09,95.42,96.84,808374.0
2012-04-03,97.67,105.08,96.26,98.17,3221140.0
2012-04-04,97.6,101.34,97.18,100.0,1547430.0
2012-04-09,100.0,101.95,98.82,100.08,590367.0
2012-04-10,100.38,101.07,98.48,99.39,553171.0
2012-04-11,99.24,100.0,98.09,99.24,164338.0
2012-04-12,99.96,101.22,99.28,100.27,230762.0
2012-04-13,100.38,101.15,99.7,100.58,214232.0
2012-04-16,100.77,100.77,99.24,100.0,96138.0
2012-04-17,100.61,102.98,94.81,101.8,962757.0
2012-04-18,101.95,101.95,98.09,100.12,736504.0
2012-04-19,100.19,101.84,99.05,100.84,285025.0
2012-04-20,99.66,100.69,96.57,96.61,1254256.0
2012-04-23,98.36,98.48,96.57,97.18,295481.0
2012-04-24,98.48,98.71,94.28,94.58,168210.0
2012-04-25,96.15,96.15,92.9,93.59,132696.0
2012-04-26,94.51,94.58,90.16,90.88,234368.0
2012-04-27,90.42,91.61,90.16,90.69,150203.0
2012-04-30,91.99,102.29,91.0,91.3,113324.0
2012-05-02,91.61,95.61,88.82,89.32,159121.0
2012-05-03,89.51,89.51,87.79,88.78,73980.0
2012-05-04,88.78,89.93,88.02,88.67,85659.0
2012-05-07,87.94,90.84,85.96,90.04,225822.0
2012-05-08,89.35,94.24,89.32,92.48,100829.0
2012-05-09,92.37,92.71,89.7,91.68,83292.0
2012-05-10,92.06,96.19,91.68,94.93,137181.0
2012-05-11,96.11,102.79,94.93,98.74,357460.0
2012-05-14,99.32,100.54,96.26,96.87,205861.0
2012-05-15,97.71,100.0,95.42,98.78,88471.0
2012-05-16,106.87,106.87,99.24,100.08,648811.0
2012-05-17,101.8,101.8,99.55,100.5,122381.0
2012-05-18,100.0,100.0,97.48,98.4,66286.0
2012-05-21,99.85,100.77,95.58,98.78,61695.0
2012-05-22,100.54,100.54,97.79,98.51,40638.0
2012-05-23,97.71,98.09,94.96,95.42,55050.0
2012-05-24,94.96,95.27,92.75,93.67,34892.0
2012-05-25,93.67,94.96,93.13,94.7,34429.0
2012-05-28,95.38,96.84,93.29,94.51,15762.0
2012-05-29,94.01,95.65,92.56,93.32,26762.0
2012-05-30,93.4,93.55,91.61,91.68,38867.0
2012-05-31,91.76,93.9,89.96,91.91,43857.0
2012-06-01,91.03,93.82,91.03,92.67,28592.0
2012-06-04,93.09,94.62,91.07,93.06,42297.0
2012-06-05,93.82,93.82,92.37,93.13,18474.0
2012-06-06,93.13,94.58,92.1,93.36,29565.0
2012-06-07,93.17,94.74,93.17,94.2,16687.0
2012-06-08,93.59,96.19,93.13,94.81,24023.0
2012-06-11,94.81,95.42,92.45,92.75,122738.0
2012-06-12,92.37,93.63,92.03,93.13,19997.0
2012-06-13,93.59,93.86,93.21,93.63,14530.0
2012-06-14,93.9,94.58,92.83,93.25,15729.0
2012-06-15,92.87,94.16,92.33,92.75,21359.0
2012-06-18,94.16,94.28,92.75,92.87,19247.0
2012-06-19,93.17,93.74,90.84,91.53,27061.0
2012-06-20,91.68,97.22,91.68,94.58,165445.0
2012-06-21,94.62,94.66,93.29,94.09,21758.0
2012-06-22,92.45,95.04,92.37,94.51,63219.0
2012-06-25,94.28,99.77,94.28,97.03,233976.0
2012-06-26,97.71,109.77,96.26,106.95,1572042.0
2012-06-27,107.79,114.16,104.2,107.18,3756273.0
2012-06-28,108.32,109.81,105.46,106.45,642028.0
2012-06-29,106.49,109.16,103.06,103.71,325415.0
2012-07-02,104.47,108.78,87.87,107.75,590829.0
2012-07-03,107.9,108.4,105.73,107.64,222634.0
2012-07-04,107.52,108.32,105.58,106.22,70922.0
2012-07-05,106.8,110.84,105.38,106.95,398116.0
2012-07-06,103.02,108.51,99.24,105.61,79045.0
2012-07-09,106.11,108.78,105.12,105.96,189195.0
2012-07-10,106.95,108.36,104.74,105.58,144387.0
2012-07-11,106.49,108.25,104.58,105.19,141974.0
2012-07-12,104.62,106.68,103.02,103.63,65414.0
2012-07-13,104.93,106.8,102.52,103.4,132574.0
2012-07-16,99.96,106.95,99.96,106.57,167063.0
2012-07-17,108.29,108.29,98.63,99.93,633244.0
2012-07-18,101.15,102.67,97.71,102.37,280843.0
2012-07-19,101.61,104.2,100.8,102.98,160739.0
2012-07-20,102.9,103.63,99.24,100.61,72668.0
2012-07-23,100.61,102.29,99.24,99.93,106048.0
2012-07-24,101.07,101.8,98.09,98.82,43234.0
2012-07-25,99.39,99.51,97.41,98.48,598060.0
2012-07-26,98.67,99.77,96.95,97.29,32549.0
2012-07-27,97.75,98.9,92.37,94.2,93592.0
2012-07-30,94.58,102.9,94.28,95.65,1405153.0
2012-07-31,96.57,103.82,92.98,101.45,997999.0
2012-08-01,100.73,103.82,99.28,103.32,405247.0
2012-08-02,103.02,104.55,102.14,103.09,104429.0
2012-08-03,102.37,104.47,100.77,102.14,244620.0
2012-08-06,105.77,105.77,102.29,103.82,103387.0
2012-08-07,103.78,103.78,101.72,102.06,50321.0
2012-08-08,102.87,103.4,101.64,102.14,45129.0
2012-08-09,103.71,103.71,101.53,101.64,33796.0
2012-08-10,102.64,102.75,101.64,101.99,24886.0
2012-08-13,101.53,101.8,98.48,98.74,141730.0
2012-08-14,98.82,101.15,97.71,98.17,176727.0
2012-08-16,101.32,106.68,98.09,104.24,596963.0
2012-08-17,105.58,106.76,103.25,104.04,279891.0
2012-08-21,104.99,105.18,103.21,103.65,92928.0
2012-08-22,102.58,104.99,102.43,103.8,123428.0
2012-08-23,103.88,105.73,101.16,101.91,113935.0
2012-08-24,103.25,104.0,101.64,103.17,203660.0
2012-08-27,104.2,105.62,102.11,103.1,174170.0
2012-08-28,103.61,104.04,98.76,99.51,96790.0
2012-08-29,100.85,102.19,96.04,96.67,95214.0
2012-08-30,96.52,97.54,95.49,96.44,63832.0
2012-08-31,93.88,100.22,93.88,99.04,116245.0
2012-09-03,99.31,103.8,99.27,102.86,175988.0
2012-09-04,102.11,104.12,101.83,102.46,107534.0
2012-09-05,101.91,104.0,101.87,102.82,58318.0
2012-09-06,103.92,104.0,102.98,103.53,69800.0
2012-09-07,104.0,105.93,102.82,103.92,97057.0
2012-09-10,104.47,109.71,104.24,108.06,294798.0
2012-09-11,108.73,120.55,107.15,119.29,1806603.0
2012-09-12,119.76,126.06,117.99,120.67,1502497.0
2012-09-13,120.55,131.1,119.76,128.98,1162714.0
2012-09-14,130.79,133.0,126.93,127.83,544087.0
2012-09-17,129.61,129.96,123.93,125.04,194064.0
2012-09-18,123.78,131.58,123.78,130.75,380348.0
2012-09-20,130.55,130.55,124.49,128.98,100646.0
2012-09-21,130.0,133.94,124.57,131.26,775666.0
2012-09-24,131.46,132.76,126.97,130.83,269380.0
2012-09-25,130.79,133.74,128.66,131.07,269382.0
2012-09-26,130.79,132.76,130.04,132.05,213923.0
2012-09-27,132.68,138.2,131.34,135.87,352440.0
2012-09-28,136.34,141.82,136.34,141.19,671692.0
2012-10-01,140.28,145.72,140.09,141.86,320802.0
2012-10-03,141.82,144.85,140.36,143.99,130879.0
2012-10-04,144.22,144.97,142.57,143.28,170385.0
2012-10-05,143.79,144.5,141.03,142.21,358696.0
2012-10-08,143.79,147.26,142.41,145.84,166779.0
2012-10-09,145.84,151.27,145.76,148.16,396740.0
2012-10-10,148.16,148.83,142.88,144.26,148067.0
2012-10-11,145.52,145.96,141.82,144.54,63193.0
2012-10-12,144.3,146.98,144.3,145.29,170472.0
2012-10-15,145.29,146.51,143.16,144.46,36790.0
2012-10-16,143.24,146.55,141.62,143.2,275502.0
2012-10-17,144.22,145.72,142.21,142.96,244037.0
2012-10-18,143.36,144.97,142.29,143.71,50895.0
2012-10-19,143.32,144.54,142.41,143.44,39391.0
2012-10-22,142.8,148.12,142.8,144.42,121805.0
2012-10-23,143.83,145.72,141.82,143.51,309643.0
2012-10-25,144.62,145.72,141.98,143.04,165026.0
2012-10-26,144.62,145.72,141.98,143.04,165026.0
2012-10-29,143.44,149.42,140.8,147.14,511046.0
2012-10-30,147.69,150.37,144.18,145.76,1487704.0
2012-10-31,145.84,148.64,144.38,146.04,45860.0
2012-11-01,146.07,146.67,144.77,145.8,37602.0
2012-11-02,146.15,147.81,145.76,146.11,37221.0
2012-11-05,146.55,149.7,145.44,149.19,96079.0
2012-11-06,149.5,151.2,147.45,148.2,282516.0
2012-11-07,148.83,149.62,147.45,148.08,32152.0
2012-11-08,146.67,150.41,146.63,149.97,62014.0
2012-11-09,149.38,150.41,147.77,148.91,51726.0
2012-11-12,148.91,177.2,147.93,165.02,763607.0
2012-11-13,148.91,177.2,147.93,165.02,763607.0
2012-11-15,174.91,178.06,165.46,173.34,456432.0
2012-11-16,175.62,179.56,165.89,168.21,409964.0
2012-11-19,169.4,171.13,161.71,163.05,167130.0
2012-11-20,163.09,164.87,158.48,161.32,174500.0
2012-11-21,161.12,164.47,159.39,159.71,180768.0
2012-11-22,159.11,161.44,157.77,159.11,94036.0
2012-11-23,159.11,169.95,156.71,159.55,740130.0
2012-11-26,160.53,166.24,157.7,163.72,305801.0
2012-11-27,162.07,170.18,158.96,159.9,545850.0
2012-11-29,161.28,163.88,160.26,163.05,342305.0
2012-11-30,163.13,165.22,159.39,161.01,145206.0
2012-12-03,161.12,162.03,158.37,158.96,97092.0
2012-12-04,159.55,163.49,158.44,158.88,129656.0
2012-12-05,160.37,160.49,153.76,155.14,310366.0
2012-12-06,155.29,160.65,154.82,157.93,132161.0
2012-12-07,158.84,162.66,157.11,158.37,403003.0
2012-12-10,159.07,160.1,156.16,157.22,63506.0
2012-12-11,158.88,159.07,151.67,153.13,118737.0
2012-12-12,153.4,155.14,147.49,148.32,94603.0
2012-12-13,148.52,150.37,141.43,145.84,324942.0
2012-12-14,145.72,158.96,145.72,157.5,591932.0
2012-12-17,158.37,160.73,155.21,159.51,284526.0
2012-12-18,157.66,166.24,157.58,163.33,503819.0
2012-12-19,162.31,165.38,161.48,161.64,133345.0
2012-12-20,161.99,161.99,156.0,156.71,169304.0
2012-12-21,156.32,159.0,153.95,155.45,99300.0
2012-12-24,156.0,156.79,152.69,154.62,106562.0
2012-12-26,154.94,159.86,153.64,158.13,155908.0
2012-12-27,158.96,159.67,154.82,155.17,52229.0
2012-12-28,155.33,159.47,155.21,158.48,77183.0
2012-12-31,157.42,165.42,157.38,164.55,323895.0
2013-01-01,165.46,168.02,164.12,165.54,211131.0
2013-01-02,166.28,166.87,164.31,165.34,123668.0
2013-01-03,167.82,193.82,166.36,181.37,6550434.0
2013-01-04,182.4,193.03,177.94,179.87,4750062.0
2013-01-07,180.27,184.52,175.78,181.17,1783364.0
2013-01-08,181.06,184.33,178.34,181.77,1461855.0
2013-01-09,181.21,184.17,176.21,177.91,1000911.0
2013-01-10,178.97,180.03,174.91,176.17,348959.0
2013-01-11,176.49,177.04,169.4,170.66,361271.0
2013-01-14,171.92,182.71,169.79,178.57,2188609.0
2013-01-15,179.56,180.15,172.23,173.53,534932.0
2013-01-16,174.12,174.64,166.72,167.66,364032.0
2013-01-17,168.41,170.74,163.17,165.54,304275.0
2013-01-18,165.85,165.85,160.73,162.9,339547.0
2013-01-21,162.38,168.53,161.52,166.76,384999.0
2013-01-22,168.33,171.52,165.65,167.43,424505.0
2013-01-23,167.9,171.21,167.19,169.87,290248.0
2013-01-24,169.4,172.15,167.03,169.32,301304.0
2013-01-25,167.86,171.37,167.03,170.62,111581.0
2013-01-28,170.77,174.91,169.0,173.65,142423.0
2013-01-29,172.74,179.24,172.67,174.91,1182372.0
2013-01-30,176.25,181.77,175.46,179.72,489209.0
2013-01-31,179.6,180.39,176.88,179.28,93457.0
2013-02-01,178.85,182.24,178.14,179.44,174777.0
2013-02-04,179.24,180.82,174.91,176.53,143723.0
2013-02-05,173.49,177.27,170.18,176.53,221027.0
2013-02-06,175.78,178.85,171.72,173.26,150623.0
2013-02-07,171.05,173.34,168.41,169.24,237509.0
2013-02-08,169.47,171.37,167.43,167.98,242991.0
2013-02-11,168.41,172.47,167.07,168.69,101084.0
2013-02-12,168.88,170.5,168.33,169.12,79649.0
2013-02-13,169.95,171.68,169.63,170.22,107156.0
2013-02-14,170.74,171.52,168.69,169.63,218612.0
2013-02-15,167.15,172.55,167.07,171.88,66866.0
2013-02-18,170.93,174.91,170.93,171.68,71445.0
2013-02-19,172.04,173.22,171.41,172.27,40108.0
2013-02-20,172.35,173.14,171.05,171.37,16782.0
2013-02-21,170.07,173.26,169.44,170.14,117065.0
2013-02-22,166.44,171.76,166.44,170.07,76896.0
2013-02-25,170.46,174.64,166.24,167.98,64451.0
2013-02-26,165.77,170.97,162.94,168.77,89483.0
2013-02-27,169.28,172.51,161.71,167.07,81203.0
2013-02-28,165.69,172.51,163.09,165.57,89352.0
2013-03-01,166.44,168.61,165.34,166.52,43395.0
2013-03-04,165.46,169.67,161.2,161.87,63795.0
2013-03-05,162.9,163.68,157.54,158.96,118713.0
2013-03-06,160.18,165.34,160.18,162.46,73338.0
2013-03-07,162.62,166.99,162.54,165.61,72084.0
2013-03-08,166.44,166.99,162.7,164.71,47930.0
2013-03-11,165.97,166.01,162.7,163.68,28030.0
2013-03-12,164.43,165.85,160.93,162.03,25036.0
2013-03-13,161.36,162.31,159.39,160.77,18814.0
2013-03-14,161.4,163.8,159.11,159.63,92074.0
2013-03-15,160.57,162.9,159.23,160.26,35118.0
2013-03-18,159.15,163.09,159.15,162.27,80174.0
2013-03-19,161.91,163.09,145.76,151.24,1896117.0
2013-03-20,149.42,149.46,136.78,137.76,878133.0
2013-03-21,135.52,144.97,135.48,140.84,396580.0
2013-03-22,140.36,143.08,139.46,140.09,128229.0
2013-03-25,141.62,143.75,136.3,137.41,271338.0
2013-03-26,137.64,149.7,135.67,140.2,2629600.0
2013-03-28,141.62,146.23,137.88,144.66,207151.0
2013-04-01,143.91,146.55,140.28,141.98,154086.0
2013-04-02,140.24,144.22,140.24,141.78,119458.0
2013-04-03,140.2,148.12,137.53,139.93,280906.0
2013-04-04,137.09,141.82,134.77,139.93,146626.0
2013-04-05,137.88,143.4,137.88,140.4,189864.0
2013-04-08,139.46,141.5,129.13,129.73,250873.0
2013-04-09,129.96,132.76,125.35,126.65,824148.0
2013-04-10,126.06,129.29,123.7,125.23,545401.0
2013-04-11,126.61,127.48,121.18,122.36,146158.0
2013-04-12,122.12,122.16,117.67,118.7,264928.0
2013-04-15,113.73,132.37,95.57,104.2,4654407.0
2013-04-16,97.9,99.27,89.82,93.17,4983660.0
2013-04-17,94.55,101.95,94.11,94.9,4164335.0
2013-04-18,94.86,97.07,91.0,93.84,4064888.0
2013-04-22,97.23,101.64,94.94,100.57,1554093.0
2013-04-23,103.13,104.67,100.85,102.11,1370175.0
2013-04-25,102.43,105.5,101.91,102.19,909381.0
2013-04-26,103.92,105.81,102.43,102.78,783672.0
2013-04-29,103.53,103.92,102.15,102.39,236749.0
2013-04-30,103.45,105.1,102.43,103.61,518347.0
2013-05-02,102.43,106.92,101.64,105.5,613284.0
2013-05-03,104.87,106.56,104.87,105.97,360448.0
2013-05-06,106.36,113.06,104.87,108.18,513256.0
2013-05-07,108.18,110.46,107.35,108.22,256020.0
2013-05-08,108.33,110.74,108.22,110.15,329010.0
2013-05-09,111.05,113.69,109.99,112.83,678184.0
2013-05-10,113.38,120.0,113.38,117.87,988246.0
2013-05-13,124.21,128.43,123.11,124.45,1087657.0
2013-05-14,125.27,128.03,115.5,118.1,1330228.0
2013-05-15,117.4,126.85,117.4,125.83,636222.0
2013-05-16,124.49,127.64,122.24,124.72,833011.0
2013-05-17,122.52,125.27,122.12,124.41,533755.0
2013-05-20,123.15,125.2,121.26,122.44,523670.0
2013-05-21,120.94,124.09,120.94,122.87,382420.0
2013-05-22,121.37,123.3,115.03,117.43,411648.0
2013-05-23,116.96,116.96,112.08,112.75,149771.0
2013-05-24,114.28,116.06,112.35,114.2,183201.0
2013-05-27,114.68,116.53,114.24,115.7,59417.0
2013-05-28,115.15,115.43,112.67,113.61,122487.0
2013-05-29,113.77,115.43,111.64,114.68,111375.0
2013-05-30,113.46,114.52,111.88,112.83,114196.0
2013-05-31,113.14,114.17,107.15,109.24,103783.0
2013-06-03,110.3,110.3,102.86,103.8,172454.0
2013-06-04,103.21,107.74,102.82,106.01,101490.0
2013-06-05,105.58,107.15,104.2,106.56,65331.0
2013-06-06,107.47,113.22,106.52,112.04,458670.0
2013-06-07,112.35,115.35,110.3,112.04,266061.0
2013-06-10,112.08,113.65,104.99,105.77,203366.0
2013-06-11,104.83,106.8,104.0,104.63,105507.0
2013-06-12,103.69,105.5,101.64,103.57,264589.0
2013-06-13,103.53,103.92,98.56,99.16,121066.0
2013-06-14,100.06,101.64,96.56,96.95,158571.0
2013-06-17,98.88,99.12,95.41,97.82,128025.0
2013-06-18,98.17,98.25,96.63,97.07,98196.0
2013-06-19,96.52,97.58,94.7,95.02,151383.0
2013-06-20,94.55,94.63,92.58,93.29,427913.0
2013-06-21,89.9,94.31,88.16,88.91,2767608.0
2013-06-24,88.64,89.07,82.73,83.44,231988.0
2013-06-25,83.04,83.52,69.18,72.17,1737556.0
2013-06-26,73.9,82.26,68.7,77.49,2164905.0
2013-06-27,78.0,81.55,77.61,80.05,885948.0
2013-06-28,80.44,82.73,74.85,81.15,1131726.0
2013-07-01,81.51,86.98,80.52,84.03,1003886.0
2013-07-02,84.3,86.67,81.15,81.94,513452.0
2013-07-03,81.03,81.11,75.87,76.74,388246.0
2013-07-04,76.43,79.46,75.64,76.46,251978.0
2013-07-05,77.21,78.39,75.32,75.64,204883.0
2013-07-08,75.64,75.64,72.56,73.0,175620.0
2013-07-09,73.35,76.43,73.35,74.46,228585.0
2013-07-10,74.85,75.32,73.35,73.83,105947.0
2013-07-11,74.85,76.54,74.46,75.87,363167.0
2013-07-12,74.85,77.09,74.46,75.13,122386.0
2013-07-15,76.19,81.51,75.68,80.25,860795.0
2013-07-16,79.54,82.65,78.28,81.51,879950.0
2013-07-17,82.29,83.08,76.7,78.08,248345.0
2013-07-18,79.58,79.58,76.86,78.63,249958.0
2013-07-19,78.99,80.52,75.72,76.5,434621.0
2013-07-22,76.43,78.55,76.43,77.13,200042.0
2013-07-23,78.0,79.38,75.44,76.39,814410.0
2013-07-24,75.64,77.41,74.34,74.85,698619.0
2013-07-25,75.32,81.94,69.85,71.93,5156819.0
2013-07-26,72.88,73.23,67.84,68.27,1426345.0
2013-07-29,68.55,69.18,63.03,64.17,636816.0
2013-07-30,63.82,64.96,60.35,60.9,763776.0
2013-07-31,60.67,61.46,57.83,60.12,1054598.0
2013-08-01,61.06,63.5,59.09,59.6,593815.0
2013-08-02,59.09,62.64,57.2,60.0,261608.0
2013-08-05,60.04,61.02,58.5,60.35,183109.0
2013-08-06,60.27,60.27,57.75,59.05,236818.0
2013-08-07,58.7,61.38,58.3,60.39,584998.0
2013-08-08,60.71,64.53,60.12,62.76,262461.0
2013-08-12,66.14,75.28,64.21,75.28,1062287.0
2013-08-13,77.84,83.79,77.37,78.75,1919199.0
2013-08-14,79.62,80.72,75.28,77.69,520977.0
2013-08-16,77.29,78.39,74.53,74.93,318129.0
2013-08-19,77.17,87.46,76.82,80.88,1025122.0
2013-08-20,80.88,84.23,78.83,79.58,524274.0
2013-08-21,81.94,81.94,76.43,78.16,350182.0
2013-08-22,77.21,81.07,76.66,79.46,180348.0
2013-08-23,81.94,81.94,77.84,79.03,116243.0
2013-08-26,79.22,81.07,78.08,79.42,166027.0
2013-08-27,79.58,83.36,78.08,78.79,1003280.0
2013-08-28,79.89,82.1,79.03,80.68,856265.0
2013-08-29,81.23,96.79,80.48,95.41,2519943.0
2013-08-30,95.18,96.0,88.24,89.5,1007445.0
2013-09-02,89.5,91.32,87.61,89.31,290060.0
2013-09-03,89.86,91.4,87.34,88.83,276963.0
2013-09-04,90.61,95.33,89.78,92.54,823567.0
2013-09-05,97.26,98.25,93.36,94.11,517265.0
2013-09-06,94.55,95.26,91.83,92.85,196011.0
2013-09-10,94.31,99.67,92.97,97.62,447683.0
2013-09-11,95.57,98.88,93.4,97.7,379067.0
2013-09-12,100.15,101.09,95.25,95.65,242814.0
2013-09-13,94.43,94.84,92.55,93.12,288543.0
2013-09-16,94.02,97.13,91.16,91.93,231445.0
2013-09-17,89.93,89.93,82.78,84.58,507699.0
2013-09-18,83.02,83.55,78.69,79.14,725858.0
2013-09-19,81.59,83.06,80.16,83.06,514187.0
2013-09-20,84.37,84.62,79.75,81.02,788226.0
2013-09-23,80.69,83.06,78.89,79.79,228528.0
2013-09-24,79.79,81.76,79.38,80.12,166217.0
2013-09-25,80.98,81.67,78.49,79.63,180037.0
2013-09-26,78.49,79.75,77.67,77.91,194179.0
2013-09-27,79.22,79.22,76.11,76.61,162470.0
2013-09-30,77.67,78.16,73.66,74.03,179673.0
2013-10-01,74.4,75.13,73.7,74.23,207321.0
2013-10-03,74.4,74.48,72.76,73.46,356693.0
2013-10-04,72.76,77.1,72.76,77.1,481642.0
2013-10-07,76.2,80.86,76.2,79.43,607039.0
2013-10-08,81.67,82.16,79.75,80.94,425675.0
2013-10-09,80.28,81.67,80.12,80.94,180621.0
2013-10-10,81.67,82.57,80.28,80.61,226835.0
2013-10-11,81.76,82.33,79.14,79.3,185147.0
2013-10-14,80.12,80.12,78.89,79.06,121386.0
2013-10-15,79.3,80.12,75.62,75.95,272912.0
2013-10-17,76.85,77.34,75.91,76.44,196523.0
2013-10-18,77.63,78.89,77.34,78.04,198246.0
2013-10-21,78.49,78.89,77.91,78.36,138224.0
2013-10-22,78.57,80.94,78.24,80.12,274210.0
2013-10-23,80.2,83.06,80.2,81.88,527121.0
2013-10-24,83.23,83.31,81.06,81.63,213684.0
2013-10-25,80.94,82.57,79.06,81.18,184321.0
2013-10-28,85.03,85.23,84.21,85.23,707324.0
2013-10-29,86.99,86.99,81.76,83.84,483542.0
2013-10-30,85.6,85.6,82.21,83.96,172700.0
2013-10-31,84.7,88.13,84.41,86.78,915722.0
2013-11-01,87.03,87.68,85.03,86.91,263988.0
2013-11-05,89.39,89.39,85.9,88.25,230167.0
2013-11-06,89.77,92.63,88.34,92.63,251586.0
2013-11-07,96.58,107.85,96.58,102.01,2825333.0
2013-11-08,101.38,105.16,97.17,98.68,545802.0
2013-11-11,99.27,103.4,96.83,97.55,515507.0
2013-11-12,98.43,99.27,92.25,92.88,470912.0
2013-11-13,93.64,93.64,88.34,89.35,459860.0
2013-11-14,89.6,92.29,89.3,90.52,415957.0
2013-11-18,91.7,93.26,90.23,90.69,313055.0
2013-11-19,92.54,93.38,89.01,89.6,405957.0
2013-11-20,89.64,93.3,89.22,90.65,469135.0
2013-11-21,90.86,90.99,88.13,88.5,186858.0
2013-11-22,88.72,90.78,87.58,88.17,163520.0
2013-11-25,88.76,90.86,88.76,90.15,160260.0
2013-11-26,89.18,92.46,89.18,90.02,285727.0
2013-11-27,89.35,90.44,88.34,88.84,108689.0
2013-11-28,88.59,90.44,88.59,89.3,120967.0
2013-11-29,89.39,91.87,89.39,91.45,330121.0
2013-12-02,91.74,94.23,91.7,92.63,363719.0
2013-12-03,94.06,94.06,91.49,91.83,210893.0
2013-12-04,92.08,92.12,89.6,90.36,136708.0
2013-12-05,91.62,92.54,90.02,90.31,230144.0
2013-12-06,90.31,91.28,89.39,90.15,81195.0
2013-12-09,92.21,93.89,89.64,90.02,204352.0
2013-12-10,90.86,90.86,88.34,88.97,133006.0
2013-12-11,89.09,89.09,87.54,87.92,98549.0
2013-12-12,88.08,90.02,87.5,88.67,223330.0
2013-12-13,88.63,88.63,87.41,87.58,75870.0
2013-12-16,86.7,89.39,86.7,89.18,243279.0
2013-12-17,89.18,89.94,87.07,87.45,70862.0
2013-12-18,86.78,90.02,85.94,87.62,368674.0
2013-12-19,88.5,89.18,87.5,87.79,160133.0
2013-12-20,86.78,88.34,86.36,87.41,150394.0
2013-12-23,87.5,90.69,87.5,89.35,150324.0
2013-12-24,89.72,89.85,88.38,88.63,89050.0
2013-12-26,89.89,92.0,88.67,90.78,623204.0
2013-12-27,91.7,95.57,90.86,92.84,1037715.0
2013-12-30,93.59,95.91,92.54,93.13,867838.0
2013-12-31,93.72,94.23,90.52,90.82,232559.0
2014-01-01,90.9,91.7,90.9,91.28,153291.0
2014-01-02,91.66,97.17,91.58,92.0,821818.0
2014-01-03,92.46,92.54,90.86,91.83,121835.0
2014-01-06,92.46,93.26,90.02,90.27,198193.0
2014-01-07,90.86,91.95,90.1,90.36,122413.0
2014-01-08,90.86,92.37,89.6,90.4,141899.0
2014-01-09,108.44,108.44,108.44,108.44,559543.0
2014-01-10,114.42,128.21,110.04,116.81,9573128.0
2014-01-13,116.81,121.99,112.86,116.81,2417773.0
2014-01-14,116.1,118.12,113.58,114.92,710521.0
2014-01-15,115.93,117.78,114.84,116.23,623880.0
2014-01-16,116.81,117.28,109.79,111.51,457253.0
2014-01-17,112.31,112.57,104.83,106.51,563660.0
2014-01-20,106.0,108.53,101.8,107.77,413243.0
2014-01-21,108.7,115.85,108.65,112.15,1328420.0
2014-01-22,112.65,113.07,107.1,110.67,337229.0
2014-01-23,110.63,111.68,108.11,109.37,209220.0
2014-01-24,109.83,112.65,109.37,110.72,468585.0
2014-01-27,109.16,109.16,105.16,105.63,177173.0
2014-01-28,105.16,110.21,105.16,108.7,280577.0
2014-01-29,106.85,110.93,105.16,106.17,198970.0
2014-01-30,106.17,107.18,101.12,102.89,550406.0
2014-01-31,102.85,107.6,102.85,106.97,299648.0
2014-02-03,106.0,109.03,105.29,107.22,205027.0
2014-02-04,106.84,111.28,105.64,110.34,303769.0
2014-02-05,110.26,115.34,109.57,114.23,285756.0
2014-02-06,113.25,115.39,111.41,112.95,242601.0
2014-02-07,114.53,121.37,113.42,118.21,601654.0
2014-02-10,119.75,127.18,118.89,124.36,1343447.0
2014-02-11,124.7,142.57,124.02,136.97,4724305.0
2014-02-12,137.61,153.29,137.61,149.79,5445754.0
2014-02-13,150.3,151.37,135.17,137.31,2187233.0
2014-02-14,137.31,144.15,136.75,141.67,1615269.0
2014-02-17,142.65,144.62,135.3,137.01,1334850.0
2014-02-18,138.34,140.43,136.41,137.27,775484.0
2014-02-19,139.23,140.17,136.93,137.65,560579.0
2014-02-20,137.65,137.65,132.14,133.21,421760.0
2014-02-21,133.76,135.77,130.81,132.14,341920.0
2014-02-24,133.72,142.22,133.72,140.6,1362313.0
2014-02-25,142.65,147.22,140.26,142.1,1456662.0
2014-02-26,143.51,145.3,138.12,139.75,448403.0
2014-02-28,141.8,143.16,137.27,141.28,623950.0
2014-03-03,141.03,143.08,138.21,139.62,304445.0
2014-03-04,140.94,142.14,138.51,139.1,209028.0
2014-03-05,139.15,144.45,139.15,143.55,631820.0
2014-03-06,145.04,145.04,141.11,141.46,217284.0
2014-03-07,141.46,143.08,138.51,139.83,196815.0
2014-03-10,139.57,148.46,139.57,146.58,1770267.0
2014-03-11,148.12,149.06,143.51,145.04,483511.0
2014-03-12,146.07,146.97,143.21,144.79,364932.0
2014-03-13,145.3,146.11,141.46,144.19,724978.0
2014-03-14,142.82,143.59,139.96,141.88,211676.0
2014-03-18,141.88,143.51,131.84,133.55,507799.0
2014-03-19,133.85,137.18,133.76,135.13,275550.0
2014-03-20,136.75,137.48,133.46,133.98,169167.0
2014-03-21,133.42,135.77,132.48,134.06,111647.0
2014-03-24,139.19,144.28,137.78,143.25,1291465.0
2014-03-25,143.25,145.73,139.49,145.09,542767.0
2014-03-26,145.47,147.01,141.46,142.52,156087.0
2014-03-27,142.69,146.07,142.69,144.49,194260.0
2014-03-28,145.3,146.58,142.91,144.28,121168.0
2014-03-31,145.22,149.49,143.16,147.01,243493.0
2014-04-01,147.44,148.72,143.89,144.92,321095.0
2014-04-02,147.87,150.81,145.3,145.81,382467.0
2014-04-03,133.46,143.51,130.94,141.97,686141.0
2014-04-04,141.97,141.97,138.46,140.13,107307.0
2014-04-07,140.17,141.63,138.16,139.7,120120.0
2014-04-09,138.63,139.66,136.33,137.65,670804.0
2014-04-10,138.12,144.19,138.12,142.44,379017.0
2014-04-11,141.46,147.87,139.66,140.47,319008.0
2014-04-15,140.51,142.35,140.17,140.86,131611.0
2014-04-16,140.26,147.35,140.26,145.77,403336.0
2014-04-17,145.39,159.7,144.7,152.31,2481548.0
2014-04-21,152.78,153.38,148.81,149.62,248987.0
2014-04-22,151.03,152.74,148.21,149.57,271159.0
2014-04-23,144.45,146.28,140.69,144.49,306349.0
2014-04-25,144.53,148.68,143.59,147.74,292724.0
2014-04-28,146.63,149.28,146.2,148.89,110703.0
2014-04-29,148.55,153.68,147.01,149.96,215576.0
2014-04-30,148.72,155.47,146.63,153.29,341116.0
2014-05-02,153.29,161.93,153.29,157.01,381202.0
2014-05-05,157.95,157.95,151.71,154.06,426444.0
2014-05-06,153.63,156.33,151.8,153.93,399734.0
2014-05-07,150.43,155.56,150.43,155.3,211348.0
2014-05-08,155.56,158.12,154.7,156.8,124640.0
2014-05-09,156.8,156.8,154.49,156.07,169088.0
2014-05-12,154.19,165.39,154.19,160.81,271489.0
2014-05-13,161.16,166.58,161.16,165.26,452786.0
2014-05-14,165.81,169.11,161.54,163.42,185461.0
2014-05-15,163.42,165.64,161.63,162.35,139760.0
2014-05-16,162.4,170.86,160.64,164.66,425771.0
2014-05-19,164.53,181.97,164.11,173.25,1166284.0
2014-05-20,177.78,189.75,162.65,166.93,1026831.0
2014-05-21,167.87,177.78,166.07,174.87,204723.0
2014-05-22,184.11,185.47,174.36,180.43,324827.0
2014-05-23,182.78,184.11,177.87,179.02,164452.0
2014-05-26,179.49,182.48,165.9,167.74,489277.0
2014-05-27,169.23,170.77,162.52,164.83,124142.0
2014-05-28,161.33,179.32,159.79,176.84,382747.0
2014-05-29,174.36,174.79,168.38,169.87,112049.0
2014-05-30,172.65,175.47,166.67,167.01,554103.0
2014-06-02,172.4,172.4,165.81,170.86,111487.0
2014-06-03,168.12,175.22,168.12,174.75,182086.0
2014-06-04,173.51,175.13,170.52,170.99,81520.0
2014-06-05,171.8,177.35,170.13,174.83,224735.0
2014-06-06,174.62,175.13,168.64,170.81,317208.0
2014-06-09,171.11,173.68,165.81,166.71,185212.0
2014-06-10,166.93,169.15,156.93,162.27,410859.0
2014-06-11,162.4,164.4,158.42,159.23,177891.0
2014-06-12,160.13,172.48,160.13,169.45,1019619.0
2014-06-13,168.81,169.53,163.25,163.98,280859.0
2014-06-16,163.98,166.24,158.55,163.93,96747.0
2014-06-17,164.96,164.96,162.48,163.55,97638.0
2014-06-18,163.68,164.96,161.11,162.61,67884.0
2014-06-19,163.25,164.11,161.11,162.99,37469.0
2014-06-20,163.46,168.29,159.32,160.81,137140.0
2014-06-23,160.6,164.06,157.18,159.49,97421.0
2014-06-24,158.12,163.55,158.12,160.81,68590.0
2014-06-25,164.96,167.52,158.42,160.69,294422.0
2014-06-26,161.88,162.31,157.57,159.23,177445.0
2014-06-27,160.05,161.07,157.65,159.06,338685.0
2014-06-30,160.43,162.61,152.14,160.94,582759.0
2014-07-01,161.88,165.52,160.69,161.58,153066.0
2014-07-02,162.4,163.55,159.92,161.2,107433.0
2014-07-03,162.14,164.7,160.09,161.75,133618.0
2014-07-04,160.22,167.01,160.17,161.46,340226.0
2014-07-07,163.25,167.1,161.37,162.14,251522.0
2014-07-08,160.09,164.96,156.41,157.52,145646.0
2014-07-09,158.34,158.34,152.31,155.13,83710.0
2014-07-10,154.96,156.16,147.61,154.49,190857.0
2014-07-11,157.1,157.1,146.33,147.69,123844.0
2014-07-14,146.41,148.85,142.74,146.75,107747.0
2014-07-15,148.63,153.81,145.56,151.75,133251.0
2014-07-16,153.81,154.19,149.75,150.9,69348.0
2014-07-17,150.9,153.89,150.52,153.51,71585.0
2014-07-18,157.44,166.58,157.27,158.98,1269668.0
2014-07-21,160.6,161.28,155.69,156.03,165918.0
2014-07-22,154.7,157.87,152.31,152.78,104050.0
2014-07-23,154.19,158.98,147.91,148.68,797978.0
2014-07-24,149.36,150.0,146.58,148.81,175307.0
2014-07-25,147.91,151.03,147.05,149.57,281499.0
2014-07-28,148.72,151.88,147.35,151.03,118979.0
2014-07-30,147.87,151.03,147.87,149.57,874614.0
2014-07-31,148.72,152.57,146.16,147.78,5235216.0
2014-08-01,146.11,149.87,144.57,148.85,272528.0
2014-08-04,147.44,151.37,147.35,149.57,73361.0
2014-08-05,148.16,152.14,148.16,151.5,112610.0
2014-08-06,150.43,153.72,149.87,152.99,138177.0
2014-08-07,152.82,157.48,151.28,152.27,249674.0
2014-08-08,150.86,151.28,148.81,150.09,316509.0
2014-08-11,152.14,153.81,142.05,150.39,683572.0
2014-08-12,150.43,153.76,148.55,152.61,185902.0
2014-08-13,151.33,153.63,148.68,150.43,104932.0
2014-08-14,149.57,153.85,147.87,153.21,76811.0
2014-08-18,152.22,154.15,150.0,151.8,174763.0
2014-08-19,151.8,172.65,151.8,166.03,2410464.0
2014-08-20,166.5,166.5,158.25,160.56,554041.0
2014-08-21,161.54,163.51,158.12,161.46,278130.0
2014-08-22,161.16,168.55,160.26,164.11,701287.0
2014-08-25,165.22,166.16,160.77,162.52,213814.0
2014-08-26,164.11,168.72,162.27,164.23,458176.0
2014-08-27,162.95,165.81,160.69,162.82,156411.0
2014-08-28,164.28,169.75,164.11,167.18,628463.0
2014-09-01,165.81,169.15,165.0,166.11,197403.0
2014-09-02,166.71,167.01,162.4,163.34,119517.0
2014-09-03,164.87,166.24,163.08,163.68,145273.0
2014-09-04,163.51,164.53,160.69,163.16,225438.0
2014-09-05,163.16,166.63,160.43,163.04,88858.0
2014-09-08,163.04,166.67,160.69,164.58,76417.0
2014-09-09,166.16,166.24,161.11,162.4,317186.0
2014-09-10,163.25,164.24,162.27,162.4,55063.0
2014-09-11,163.21,164.63,161.71,163.73,94586.0
2014-09-12,163.77,174.42,162.65,169.83,590491.0
2014-09-15,170.47,171.42,164.16,165.19,173147.0
2014-09-16,166.86,170.13,162.4,163.38,202602.0
2014-09-17,164.11,172.45,152.21,168.75,471895.0
2014-09-18,167.55,169.96,166.26,167.34,298481.0
2014-09-19,167.72,176.14,167.55,174.73,1187677.0
2014-09-22,170.13,177.39,168.97,175.11,445893.0
2014-09-23,174.34,178.72,170.26,172.88,382256.0
2014-09-24,173.22,173.39,167.55,168.75,72412.0
2014-09-25,170.39,171.68,163.25,165.1,63693.0
2014-09-26,164.97,165.83,161.54,164.89,77192.0
2014-09-29,164.76,178.21,164.76,174.38,475414.0
2014-09-30,176.01,178.25,168.67,175.63,297123.0
2014-10-01,174.42,179.58,172.79,173.31,162582.0
2014-10-07,172.36,174.12,165.92,166.39,73610.0
2014-10-08,166.61,167.25,165.06,165.57,46491.0
2014-10-09,167.81,167.81,164.37,165.79,56805.0
2014-10-10,166.26,166.26,161.28,162.74,67284.0
2014-10-13,162.83,165.36,161.54,162.7,50006.0
2014-10-14,161.58,164.46,161.19,162.01,51105.0
2014-10-16,160.68,165.36,160.68,161.71,57817.0
2014-10-17,160.08,164.41,160.08,161.49,33902.0
2014-10-20,163.73,164.46,161.28,162.18,48642.0
2014-10-21,162.44,163.34,159.43,160.03,105559.0
2014-10-22,163.55,165.08,159.94,160.6,138529.0
2014-10-23,163.55,165.08,159.94,160.6,138529.0
2014-10-27,161.66,163.76,159.99,161.22,89658.0
2014-10-28,160.03,166.36,160.03,163.98,306904.0
2014-10-29,163.11,165.35,162.54,163.98,119915.0
2014-10-30,165.08,166.57,163.63,165.96,127749.0
2014-10-31,166.84,174.3,165.35,173.25,183617.0
2014-11-03,173.42,177.38,171.18,174.17,178134.0
2014-11-05,176.5,176.5,164.29,173.07,1074693.0
2014-11-07,168.68,173.42,166.44,171.18,458690.0
2014-11-10,171.18,172.94,170.61,171.67,181384.0
2014-11-11,168.77,173.86,166.93,171.93,379276.0
2014-11-12,171.23,172.11,170.79,171.23,226888.0
2014-11-13,171.54,173.29,167.67,169.43,57975.0
2014-11-14,170.22,173.42,169.3,170.66,33802.0
2014-11-17,171.23,171.89,169.21,169.52,100731.0
2014-11-18,169.52,171.23,168.64,169.38,108827.0
2014-11-19,171.18,171.18,166.71,167.76,208046.0
2014-11-20,168.81,169.3,163.33,165.92,148555.0
2014-11-21,166.0,169.03,165.56,166.79,114608.0
2014-11-24,166.84,168.16,166.36,166.93,70639.0
2014-11-25,165.96,166.93,161.7,162.71,40874.0
2014-11-26,163.63,165.78,161.83,164.73,515424.0
2014-11-27,164.47,166.36,164.29,165.43,161214.0
2014-11-28,171.32,172.59,168.59,171.89,526775.0
2014-12-01,173.86,178.21,169.03,171.36,195840.0
2014-12-02,170.79,171.49,167.98,169.52,551797.0
2014-12-03,170.35,172.9,167.19,168.77,58599.0
2014-12-04,169.03,171.93,169.03,171.32,58285.0
2014-12-05,172.06,175.09,170.35,172.41,363443.0
2014-12-08,172.98,174.3,168.59,172.24,115216.0
2014-12-09,171.23,172.77,168.77,171.67,127831.0
2014-12-10,170.35,176.01,169.47,171.89,140921.0
2014-12-11,171.89,172.81,167.85,171.01,29645.0
2014-12-12,170.79,172.11,168.59,169.96,24158.0
2014-12-15,165.13,172.9,165.08,171.27,91660.0
2014-12-16,169.56,172.9,167.89,171.54,140553.0
2014-12-17,170.35,172.81,165.08,167.8,220642.0
2014-12-18,166.84,170.17,164.2,165.26,103678.0
2014-12-19,164.2,169.91,164.2,169.08,29205.0
2014-12-22,167.72,169.65,165.96,168.24,23720.0
2014-12-23,168.86,169.47,165.52,166.49,25303.0
2014-12-24,167.28,170.88,165.13,167.58,23066.0
2014-12-26,166.14,169.03,166.14,168.46,33579.0
2014-12-29,168.59,170.09,167.72,168.59,26765.0
2014-12-30,168.07,169.74,166.0,168.07,18331.0
2014-12-31,169.34,169.74,167.67,168.9,32305.0
2015-01-01,172.11,190.28,171.23,188.26,1116007.0
2015-01-02,190.11,190.11,176.85,178.65,466297.0
2015-01-05,179.13,180.45,172.59,174.26,396192.0
2015-01-06,170.22,173.6,169.47,172.06,201169.0
2015-01-07,172.02,173.38,168.59,171.76,142198.0
2015-01-08,172.98,174.7,171.23,172.59,857536.0
2015-01-09,176.54,180.01,171.23,172.37,472822.0
2015-01-12,172.55,173.42,171.54,172.24,138238.0
2015-01-13,171.54,173.42,171.23,172.15,551075.0
2015-01-14,172.28,174.3,167.32,168.99,193648.0
2015-01-15,172.11,176.15,167.32,174.61,3778423.0
2015-01-16,175.57,177.73,172.28,173.38,352406.0
2015-01-19,173.86,190.94,172.59,181.85,1604458.0
2015-01-20,180.89,192.65,177.73,190.41,1835301.0
2015-01-21,191.69,205.91,190.99,204.16,2170525.0
2015-01-22,206.0,206.26,191.03,200.64,2424387.0
2015-01-23,198.45,199.42,186.2,195.68,1550258.0
2015-01-27,194.94,199.2,189.1,194.89,446407.0
2015-01-28,194.06,197.48,184.4,194.59,898328.0
2015-01-29,194.15,196.69,190.24,192.92,723703.0
2015-01-30,192.92,193.58,184.62,185.41,131113.0
2015-02-02,185.28,192.7,183.26,188.83,591712.0
2015-02-03,188.83,190.37,181.11,182.73,211112.0
2015-02-04,185.06,186.16,181.5,184.18,770070.0
2015-02-05,184.84,192.74,184.4,188.18,237728.0
2015-02-06,189.67,190.37,186.73,187.65,183456.0
2015-02-09,181.81,191.42,181.81,188.22,566965.0
2015-02-10,191.42,193.27,185.67,188.4,325337.0
2015-02-11,188.35,189.41,182.2,182.51,230052.0
2015-02-12,182.82,185.19,178.87,183.08,294480.0
2015-02-13,184.44,186.86,183.26,184.97,391528.0
2015-02-16,184.4,188.61,184.4,186.99,181940.0
2015-02-18,187.91,192.17,185.37,190.85,322967.0
2015-02-19,191.42,194.23,188.97,192.04,300914.0
2015-02-20,193.05,193.62,190.99,192.92,136538.0
2015-02-23,194.94,194.94,190.24,192.92,497314.0
2015-02-24,191.91,193.62,189.41,191.73,103727.0
2015-02-25,191.73,193.01,188.92,189.62,268526.0
2015-02-26,189.05,196.82,187.3,191.51,467624.0
2015-02-27,192.92,196.61,186.2,193.09,800998.0
2015-03-02,209.12,210.96,192.3,193.62,1193700.0
2015-03-03,194.67,196.03,192.39,193.62,290386.0
2015-03-04,195.99,200.21,191.64,193.18,632267.0
2015-03-05,193.18,194.1,189.67,192.35,714904.0
2015-03-09,190.02,196.34,189.67,190.9,203933.0
2015-03-10,191.42,192.74,183.57,186.64,115944.0
2015-03-11,188.09,190.33,186.24,187.47,59173.0
2015-03-12,187.25,189.36,185.72,187.65,58487.0
2015-03-13,187.08,190.59,184.27,185.32,54435.0
2015-03-16,184.71,184.71,175.71,179.66,149025.0
2015-03-17,184.4,184.75,177.46,180.1,64293.0
2015-03-18,180.89,181.06,177.42,177.86,75018.0
2015-03-19,180.32,180.32,169.69,171.76,112105.0
2015-03-20,174.61,176.85,170.09,171.84,120255.0
2015-03-23,172.11,174.83,167.45,170.7,131280.0
2015-03-24,169.6,173.86,166.84,170.75,62584.0
2015-03-25,171.49,176.94,170.53,171.27,85301.0
2015-03-26,170.79,174.26,170.35,171.76,132453.0
2015-03-27,171.76,173.99,170.61,173.34,72593.0
2015-03-30,173.34,182.82,173.34,180.58,121001.0
2015-03-31,180.89,187.65,177.64,181.81,567537.0
2015-04-01,177.68,183.3,177.68,179.48,34399.0
2015-04-06,179.92,180.18,176.58,177.02,30769.0
2015-04-07,179.18,180.36,177.59,179.26,43475.0
2015-04-08,180.67,183.92,177.38,177.64,63383.0
2015-04-09,178.91,180.01,174.39,174.96,70662.0
2015-04-10,175.49,178.6,174.92,178.38,36999.0
2015-04-13,178.52,181.19,170.44,175.22,281469.0
2015-04-15,175.05,178.96,166.84,168.29,334933.0
2015-04-16,169.47,171.76,166.0,169.12,146758.0
2015-04-17,169.47,170.35,164.64,166.62,95604.0
2015-04-20,167.72,168.2,165.96,166.66,38190.0
2015-04-21,166.84,170.35,165.08,168.2,92741.0
2015-04-22,168.46,169.78,166.22,167.67,373204.0
2015-04-23,167.8,169.25,165.7,166.22,46687.0
2015-04-24,166.4,167.67,162.93,164.38,78600.0
2015-04-27,163.33,165.04,156.48,161.92,82754.0
2015-04-28,161.75,163.33,159.37,161.17,132083.0
2015-04-29,162.01,162.45,159.15,161.57,33927.0
2015-04-30,161.57,162.27,159.46,161.13,31866.0
2015-05-04,162.45,165.7,161.22,162.36,206078.0
2015-05-05,162.89,164.12,160.69,161.83,147301.0
2015-05-06,166.84,168.16,153.84,155.69,577798.0
2015-05-07,157.18,157.18,151.52,152.44,284029.0
2015-05-08,153.53,158.06,153.23,156.56,957253.0
2015-05-11,156.21,165.08,156.21,163.98,353803.0
2015-05-12,165.21,165.21,160.25,163.28,570406.0
2015-05-13,162.1,171.14,161.92,168.24,257583.0
2015-05-14,170.13,170.13,163.55,167.89,162940.0
2015-05-15,167.45,169.25,165.74,167.67,160351.0
2015-05-18,168.59,168.59,165.17,167.63,146653.0
2015-05-19,166.84,168.59,165.17,167.94,309139.0
2015-05-20,169.25,170.35,166.88,169.34,1367674.0
2015-05-21,170.26,171.23,167.94,168.51,158809.0
2015-05-22,169.21,169.21,166.75,167.76,351871.0
2015-05-25,168.95,168.95,164.82,165.78,37204.0
2015-05-26,168.16,168.16,162.58,163.11,37512.0
2015-05-27,165.08,166.84,162.01,165.26,42624.0
2015-05-28,165.13,167.06,161.04,164.91,73588.0
2015-05-29,164.69,179.13,161.66,171.27,888118.0
2015-06-01,171.23,173.07,166.0,166.57,94171.0
2015-06-02,166.05,166.14,160.69,163.15,197622.0
2015-06-03,165.7,166.79,159.33,165.08,176984.0
2015-06-04,163.33,166.88,162.75,166.49,376920.0
2015-06-05,165.08,167.28,163.81,165.3,178641.0
2015-06-08,163.68,167.28,162.45,164.55,48973.0
2015-06-09,166.71,166.79,160.38,162.84,244834.0
2015-06-10,166.22,167.72,163.11,165.96,46388.0
2015-06-11,164.73,167.45,162.01,162.62,36256.0
2015-06-12,162.45,164.42,160.56,163.33,77128.0
2015-06-15,165.92,165.92,163.33,164.16,28985.0
2015-06-16,163.37,166.27,162.45,164.2,31161.0
2015-06-17,165.92,168.59,160.91,163.11,460714.0
2015-06-18,163.59,165.87,163.33,164.2,610794.0
2015-06-19,164.73,165.96,163.37,164.16,217853.0
2015-06-22,166.84,166.84,163.37,165.04,479382.0
2015-06-23,166.57,166.84,164.34,165.96,936646.0
2015-06-24,166.79,167.5,161.35,162.62,962178.0
2015-06-25,163.68,163.98,160.82,161.17,535261.0
2015-06-26,161.17,163.06,160.38,161.04,32703.0
2015-06-29,152.35,166.62,152.35,165.96,276904.0
2015-06-30,165.08,180.8,164.29,177.42,398427.0
2015-07-01,178.82,178.82,172.15,175.14,132736.0
2015-07-02,179.04,180.89,174.13,178.69,312330.0
2015-07-03,178.6,183.52,174.3,182.91,233337.0
2015-07-06,183.48,193.71,180.05,191.12,272291.0
2015-07-07,191.42,192.92,182.64,183.13,91672.0
2015-07-08,180.01,183.83,177.73,179.26,43169.0
2015-07-09,180.62,181.77,171.32,174.65,43399.0
2015-07-10,179.75,180.45,176.15,178.56,23614.0
2015-07-13,178.91,180.89,176.15,179.18,30008.0
2015-07-14,179.04,179.04,174.96,176.23,66942.0
2015-07-15,177.38,207.93,177.11,186.73,963217.0
2015-07-16,187.52,187.87,179.61,183.87,340759.0
2015-07-17,186.51,188.79,181.9,187.65,176033.0
2015-07-20,185.72,185.89,182.2,182.95,72775.0
2015-07-21,181.77,184.66,177.42,178.17,67498.0
2015-07-22,179.75,182.6,175.62,177.24,115800.0
2015-07-23,182.56,186.51,171.67,175.0,447227.0
2015-07-24,177.38,180.01,171.23,174.61,198449.0
2015-07-27,174.7,175.62,167.01,170.35,97421.0
2015-07-28,171.23,175.53,166.88,167.76,93356.0
2015-07-29,169.47,170.35,167.67,169.21,407149.0
2015-07-30,170.97,171.89,168.81,170.04,39680.0
2015-07-31,170.26,175.4,169.03,174.08,91779.0
2015-08-03,173.86,173.86,169.91,170.96,70802.0
2015-08-04,170.96,171.4,168.2,168.86,83782.0
2015-08-05,169.03,176.5,167.1,170.04,319769.0
2015-08-06,171.67,171.67,167.15,167.45,101107.0
2015-08-07,167.45,167.89,163.02,164.6,88539.0
2015-08-10,165.04,167.54,158.94,161.0,88681.0
2015-08-11,161.57,163.68,156.3,157.49,76649.0
2015-08-12,158.06,160.25,153.67,155.73,101690.0
2015-08-13,157.44,158.63,149.28,151.52,137369.0
2015-08-14,153.23,156.04,149.28,154.81,324367.0
2015-08-17,155.86,158.06,152.79,156.78,49557.0
2015-08-18,159.64,159.64,156.65,158.94,38944.0
2015-08-19,161.13,161.13,157.0,158.76,42008.0
2015-08-20,158.06,159.9,156.3,157.71,54332.0
2015-08-21,156.3,157.75,151.03,153.75,203364.0
2015-08-24,151.3,153.58,136.1,142.34,153392.0
2015-08-25,145.11,149.28,142.56,145.06,104507.0
2015-08-26,145.06,152.79,138.78,145.68,70519.0
2015-08-27,148.79,151.91,144.89,148.92,44214.0
2015-08-28,151.87,152.66,132.59,142.34,381016.0
2015-08-31,145.5,157.97,142.25,151.47,204754.0
2015-09-01,148.4,153.67,146.69,152.17,69703.0
2015-09-02,152.17,154.11,145.06,148.18,40133.0
2015-09-03,148.44,150.42,146.25,147.74,25758.0
2015-09-04,148.4,148.57,140.67,144.62,39798.0
2015-09-07,147.43,147.43,141.37,145.02,61724.0
2015-09-08,144.58,147.26,141.59,144.97,152079.0
2015-09-09,153.67,153.67,138.87,145.63,617294.0
2015-09-10,142.51,144.4,140.06,142.51,258889.0
2015-09-11,142.08,146.03,141.55,142.73,515910.0
2015-09-14,141.81,144.8,141.37,141.94,79951.0
2015-09-15,141.86,143.92,139.09,139.7,159116.0
2015-09-16,141.77,141.77,138.78,139.49,39127.0
2015-09-18,140.14,140.5,133.95,135.62,842330.0
2015-09-21,135.14,140.5,133.65,139.66,582051.0
2015-09-22,141.31,143.17,136.28,138.42,97070.0
2015-09-23,136.95,143.17,136.55,142.02,78968.0
2015-09-24,143.17,143.22,140.68,140.95,15832.0
2015-09-28,141.66,142.28,136.59,138.42,33190.0
2015-09-29,137.84,145.13,136.99,144.06,150381.0
2015-09-30,145.13,149.4,142.46,146.02,197287.0
2015-10-01,146.02,146.73,142.91,144.06,83397.0
2015-10-05,144.95,146.69,143.35,145.17,86945.0
2015-10-06,145.84,147.62,144.42,145.66,80430.0
2015-10-07,149.84,158.82,149.84,154.65,616185.0
2015-10-08,154.73,162.74,152.11,160.43,1607436.0
2015-10-09,162.65,162.74,156.96,162.07,310950.0
2015-10-12,161.85,167.58,160.11,164.56,703424.0
2015-10-13,162.74,164.83,160.11,160.69,272152.0
2015-10-14,160.07,161.67,157.85,160.83,104519.0
2015-10-15,160.83,162.74,160.34,161.49,54199.0
2015-10-16,161.23,163.94,161.23,163.45,44927.0
2015-10-19,160.56,162.6,160.56,161.72,63824.0
2015-10-20,161.85,167.63,160.2,166.65,136323.0
2015-10-21,165.49,168.96,162.78,168.3,128163.0
2015-10-23,164.78,168.96,162.38,165.45,56629.0
2015-10-26,165.41,166.74,161.85,163.18,105785.0
2015-10-27,163.54,164.25,160.34,161.14,38456.0
2015-10-28,160.78,162.69,157.45,161.23,77358.0
2015-10-29,161.23,163.94,159.27,160.56,90161.0
2015-10-30,163.18,165.41,155.71,160.38,161921.0
2015-11-02,164.52,164.52,159.23,162.47,86427.0
2015-11-03,161.0,165.41,160.07,162.96,1052249.0
2015-11-04,164.52,166.21,161.45,164.74,65944.0
2015-11-05,163.69,168.15,163.6,165.42,83067.0
2015-11-06,164.51,165.78,160.88,161.38,39620.0
2015-11-09,159.97,165.83,159.06,164.28,54312.0
2015-11-10,163.74,164.97,159.51,162.56,511282.0
2015-11-11,163.74,164.97,159.51,162.56,511282.0
2015-11-13,162.28,166.33,160.97,164.97,92482.0
2015-11-16,163.6,166.33,162.06,165.06,56714.0
2015-11-17,165.06,165.42,162.24,163.15,49386.0
2015-11-18,164.69,164.69,159.97,162.65,48202.0
2015-11-19,163.33,164.42,161.01,162.33,44961.0
2015-11-20,164.01,165.87,160.24,163.65,1363336.0
2015-11-23,163.56,163.69,161.38,161.97,35815.0
2015-11-24,161.06,163.78,159.06,162.65,1016301.0
2015-11-26,164.69,166.78,161.97,165.33,114486.0
2015-11-27,165.78,165.87,162.28,162.6,1097140.0
2015-11-30,162.74,165.69,161.06,164.42,2734775.0
2015-12-01,164.51,173.01,163.83,169.06,1472020.0
2015-12-02,168.6,177.24,168.6,176.24,1143969.0
2015-12-03,177.19,179.96,174.55,177.92,359038.0
2015-12-04,174.51,181.28,172.74,177.78,165364.0
2015-12-07,178.14,180.28,170.01,172.69,181647.0
2015-12-08,170.87,171.78,169.1,169.19,50599.0
2015-12-09,169.92,172.24,166.15,167.1,48596.0
2015-12-10,166.33,168.65,164.15,167.37,80127.0
2015-12-11,165.56,172.69,156.33,164.28,2079573.0
2015-12-14,167.69,167.83,163.6,164.28,65513.0
2015-12-15,164.51,167.06,163.88,164.83,42877.0
2015-12-16,166.37,167.51,163.6,165.56,44638.0
2015-12-17,166.01,167.87,164.06,165.92,214268.0
2015-12-18,164.51,167.24,162.83,164.19,142339.0
2015-12-21,163.88,165.6,162.78,162.97,186651.0
2015-12-22,163.69,166.42,162.69,163.15,74554.0
2015-12-23,163.69,166.06,161.69,163.6,246208.0
2015-12-24,164.92,165.19,161.78,162.1,155830.0
2015-12-28,161.78,163.42,161.78,162.56,118754.0
2015-12-29,164.01,164.01,160.15,160.97,148065.0
2015-12-30,163.47,163.6,159.29,162.51,216444.0
2015-12-31,161.88,165.42,161.28,163.28,178428.0
2016-01-01,163.88,163.88,161.51,162.47,26726.0
2016-01-04,161.88,163.33,160.88,162.1,69265.0
2016-01-05,163.15,163.24,160.97,161.28,264505.0
2016-01-06,161.78,162.06,160.15,161.06,66664.0
2016-01-07,160.24,163.15,158.6,161.78,803091.0
2016-01-08,162.69,174.74,161.51,168.87,248420.0
2016-01-11,167.24,170.87,165.69,168.92,121914.0
2016-01-12,168.15,173.28,167.37,172.6,200154.0
2016-01-13,170.96,174.46,161.88,163.92,393672.0
2016-01-14,162.42,170.87,160.88,168.15,142113.0
2016-01-15,172.28,172.28,164.51,166.28,178390.0
2016-01-18,162.69,164.87,152.56,160.92,160987.0
2016-01-19,156.6,161.74,156.6,160.24,206358.0
2016-01-20,159.06,161.65,153.79,161.19,58410.0
2016-01-21,160.56,160.65,154.97,156.69,63542.0
2016-01-22,159.79,159.97,155.88,159.1,121910.0
2016-01-25,158.65,164.51,158.6,163.51,50820.0
2016-01-27,163.6,171.33,162.69,169.96,57099.0
2016-01-28,171.69,174.1,167.33,169.51,119563.0
2016-01-29,172.69,175.42,171.15,174.78,146066.0
2016-02-01,175.83,181.6,172.92,179.96,90473.0
2016-02-02,179.96,183.6,175.42,177.19,47852.0
2016-02-03,174.51,175.37,165.42,169.6,83709.0
2016-02-04,168.15,171.01,166.97,168.28,63750.0
2016-02-05,170.78,170.78,166.78,167.06,25843.0
2016-02-08,167.24,170.83,167.06,167.33,26554.0
2016-02-09,163.88,174.51,163.88,172.1,70187.0
2016-02-10,174.51,174.51,164.56,169.87,108629.0
2016-02-11,169.37,170.56,161.06,166.28,100952.0
2016-02-12,167.15,167.97,157.79,164.69,105214.0
2016-02-15,166.01,169.01,163.15,168.15,220598.0
2016-02-16,169.06,170.87,164.56,167.97,34308.0
2016-02-17,168.15,173.51,163.78,169.33,58562.0
2016-02-18,169.51,172.46,164.97,170.69,32324.0
2016-02-19,168.24,172.1,166.51,170.46,47371.0
2016-02-22,169.96,170.74,168.28,169.42,21579.0
2016-02-23,168.47,170.06,166.01,167.1,52080.0
2016-02-24,168.56,168.56,162.28,163.24,26407.0
2016-02-25,164.51,164.92,159.15,159.79,87332.0
2016-02-26,161.74,164.33,159.24,163.06,40894.0
2016-02-29,161.78,162.6,154.79,158.01,151572.0
2016-03-01,159.83,161.88,157.56,158.97,64364.0
2016-03-02,160.47,161.78,157.47,158.97,80494.0
2016-03-03,161.28,161.33,157.29,157.6,98060.0
2016-03-04,157.83,160.88,157.38,160.15,108837.0
2016-03-08,161.69,161.69,158.29,160.28,80216.0
2016-03-09,159.06,161.24,158.6,160.42,53392.0
2016-03-10,159.06,162.24,158.97,161.33,95610.0
2016-03-11,161.01,161.83,159.24,160.83,54083.0
2016-03-14,161.69,162.24,159.19,161.74,64827.0
2016-03-15,159.65,163.42,159.65,162.33,44894.0
2016-03-16,164.03,165.09,160.86,162.51,69535.0
2016-03-17,161.04,164.81,161.04,162.88,43438.0
2016-03-18,161.04,164.08,161.04,163.62,167612.0
2016-03-21,164.95,164.95,162.74,163.2,25064.0
2016-03-22,163.85,164.08,161.96,162.7,9915.0
2016-03-23,162.7,164.44,161.87,163.57,145160.0
2016-03-28,163.62,163.94,159.53,159.89,38295.0
2016-03-29,160.03,160.4,158.15,159.11,26586.0
2016-03-30,159.8,162.24,158.84,161.04,84465.0
2016-03-31,161.32,165.36,161.32,164.31,64723.0
2016-04-01,164.26,166.83,162.61,165.69,73486.0
2016-04-04,164.58,166.83,164.54,165.36,136910.0
2016-04-05,166.37,166.37,162.88,164.12,86147.0
2016-04-06,162.15,165.59,161.32,164.58,52542.0
2016-04-07,163.62,164.63,161.78,162.47,402050.0
2016-04-08,163.94,164.81,161.96,164.31,93609.0
2016-04-11,164.54,165.27,161.96,162.56,39472.0
2016-04-12,163.52,164.35,161.78,162.24,61358.0
2016-04-13,162.97,169.91,162.97,169.09,374008.0
2016-04-18,171.34,174.05,169.64,171.29,509229.0
2016-04-20,171.94,174.56,169.36,173.18,253676.0
2016-04-21,172.81,179.7,172.81,178.28,189066.0
2016-04-22,176.49,182.78,175.11,180.07,102542.0
2016-04-25,180.39,181.82,178.83,179.29,81013.0
2016-04-26,179.38,184.3,177.86,183.01,114284.0
2016-04-27,182.46,194.82,177.04,192.11,337825.0
2016-04-28,193.4,196.2,190.46,192.34,238037.0
2016-04-29,192.11,194.36,182.92,186.69,205485.0
2016-05-02,181.54,187.24,181.54,183.61,73023.0
2016-05-03,183.61,184.85,179.24,180.25,43601.0
2016-05-04,181.45,181.45,177.86,178.32,189120.0
2016-05-05,178.51,178.6,173.82,175.01,109726.0
2016-05-06,175.29,179.98,173.31,176.35,544732.0
2016-05-09,177.5,201.86,177.5,197.63,2293469.0
2016-05-10,195.05,195.05,188.76,190.14,205825.0
2016-05-11,186.6,189.4,184.21,187.33,190845.0
2016-05-12,188.34,190.64,185.68,187.01,131204.0
2016-05-13,188.39,200.2,187.52,194.13,1230908.0
2016-05-16,196.34,206.82,195.33,202.73,1389224.0
2016-05-17,202.91,208.52,202.91,205.07,509858.0
2016-05-18,206.68,206.68,199.01,199.56,339482.0
2016-05-19,201.3,206.45,198.13,201.12,353763.0
2016-05-20,201.3,204.89,195.83,196.57,133566.0
2016-05-23,197.9,203.83,195.74,199.6,171459.0
2016-05-24,199.6,204.98,195.88,198.18,129950.0
2016-05-25,200.38,201.03,189.81,192.85,173408.0
2016-05-26,192.85,202.68,192.85,199.56,246592.0
2016-05-27,199.37,204.06,193.35,197.31,384832.0
2016-05-30,206.82,219.23,206.82,215.05,1620825.0
2016-05-31,216.19,217.16,211.87,213.62,373226.0
2016-06-01,214.63,227.04,213.9,224.65,1384692.0
2016-06-02,226.12,226.12,220.84,222.58,441445.0
2016-06-03,222.58,251.49,222.35,230.86,3475246.0
2016-06-06,232.56,254.11,226.44,249.42,1922900.0
2016-06-07,247.08,265.56,240.19,251.03,2700502.0
2016-06-08,249.84,257.28,248.23,251.26,1241477.0
2016-06-09,253.56,253.56,232.97,234.9,1041304.0
2016-06-10,234.9,242.58,230.95,235.13,798461.0
2016-06-13,230.63,242.67,229.71,239.31,824157.0
2016-06-14,242.67,248.18,241.52,246.62,795749.0
2016-06-15,246.62,255.08,241.66,247.26,942714.0
2016-06-16,249.93,252.64,241.75,245.24,499879.0
2016-06-17,248.18,248.55,242.44,244.32,457895.0
2016-06-20,243.59,243.59,235.91,238.94,452116.0
2016-06-21,241.11,248.09,238.62,246.44,452622.0
2016-06-22,248.14,251.68,242.67,245.93,318941.0
2016-06-23,245.43,250.85,242.99,247.91,369330.0
2016-06-24,240.0,264.31,229.8,259.35,1110254.0
2016-06-27,254.8,264.54,254.8,257.7,651377.0
2016-06-28,261.37,263.99,254.62,256.64,373557.0
2016-06-29,258.43,269.14,258.43,264.54,789253.0
2016-06-30,267.03,272.08,263.99,269.37,740974.0
2016-07-01,271.99,274.7,262.2,264.18,1266267.0
2016-07-04,269.32,274.15,262.89,264.59,1880447.0
2016-07-05,267.03,267.26,262.15,263.9,376363.0
2016-07-07,264.27,266.38,253.01,255.77,750466.0
2016-07-08,257.01,260.82,255.77,256.73,699420.0
2016-07-11,259.08,263.26,257.42,259.63,733046.0
2016-07-12,259.67,262.43,254.25,258.57,570807.0
2016-07-13,259.21,259.31,249.33,250.34,406828.0
2016-07-14,250.02,255.54,244.97,252.87,481115.0
2016-07-15,255.4,255.4,250.16,252.96,210733.0
2016-07-18,252.41,258.29,252.41,255.9,639170.0
2016-07-19,255.08,257.33,250.07,253.56,327646.0
2016-07-20,255.44,258.71,253.61,255.81,405662.0
2016-07-21,255.72,260.59,252.0,253.1,675246.0
2016-07-22,253.24,259.95,245.75,255.12,375013.0
2016-07-25,254.85,257.83,252.78,256.55,392683.0
2016-07-26,256.46,277.96,255.95,262.8,2251385.0
2016-07-27,264.13,288.17,263.86,283.85,1615063.0
2016-07-28,287.71,296.9,284.95,293.32,1841800.0
2016-07-29,302.51,312.53,299.98,304.94,2801296.0
2016-08-01,305.26,365.93,305.26,326.73,6637764.0
2016-08-02,332.75,358.49,329.39,333.07,5032368.0
2016-08-03,338.17,344.15,316.43,319.83,1820593.0
2016-08-04,326.36,337.07,317.58,331.05,1250266.0
2016-08-05,334.86,338.26,316.2,324.15,2831915.0
2016-08-08,318.13,373.93,314.36,367.49,5461511.0
2016-08-09,369.52,369.98,346.08,349.06,2173829.0
2016-08-10,352.42,369.52,351.18,359.82,3288202.0
2016-08-11,357.38,357.38,334.13,338.59,1156538.0
2016-08-12,340.1,347.41,329.62,339.23,961017.0
2016-08-16,340.1,341.94,331.14,335.97,810487.0
2016-08-17,336.01,337.67,328.24,329.39,502318.0
2016-08-18,332.47,333.67,321.81,330.31,886530.0
2016-08-19,332.29,332.29,318.96,321.63,813453.0
2016-08-22,323.74,324.48,310.92,314.55,851607.0
2016-08-23,315.79,316.94,306.23,307.33,748644.0
2016-08-24,307.47,313.68,306.09,309.4,787271.0
2016-08-25,310.69,311.24,297.36,299.47,990183.0
2016-08-26,302.37,314.82,299.66,308.44,2293655.0
2016-08-29,307.01,313.22,304.44,312.02,1152717.0
2016-08-30,314.14,327.6,313.35,325.58,1182006.0
2016-08-31,328.84,352.33,328.34,345.39,2225380.0
2016-09-01,346.35,346.35,330.22,334.04,777742.0
2016-09-02,331.83,336.56,329.39,330.96,560280.0
2016-09-06,333.3,337.57,327.51,329.26,700729.0
2016-09-07,330.91,340.93,330.31,338.45,1165248.0
2016-09-08,341.02,349.11,336.7,344.47,1111549.0
2016-09-09,346.54,346.72,334.04,336.79,644622.0
2016-09-12,329.07,329.53,318.59,320.8,425190.0
2016-09-14,320.8,320.8,303.52,308.67,1077557.0
2016-09-15,307.93,323.1,307.93,316.98,569726.0
2016-09-16,321.72,326.22,311.15,315.1,826818.0
2016-09-19,315.38,323.56,315.38,321.26,600986.0
2016-09-20,321.72,328.89,321.67,325.49,380026.0
2016-09-21,330.86,338.26,327.51,333.99,838152.0
2016-09-22,336.61,357.48,335.51,354.26,1224821.0
2016-09-23,354.81,355.73,339.18,344.7,1433927.0
2016-09-26,342.17,342.17,334.45,338.45,408277.0
2016-09-27,343.78,349.16,340.19,343.14,760818.0
2016-09-28,343.78,346.22,332.75,334.86,415555.0
2016-09-29,336.75,339.96,309.91,314.23,700802.0
2016-09-30,307.15,327.65,307.15,320.62,535178.0
2016-10-03,326.04,327.23,319.88,322.73,914692.0
2016-10-04,323.56,325.4,317.21,321.3,355676.0
2016-10-05,321.72,324.25,316.39,317.77,291600.0
2016-10-06,319.88,319.88,311.61,313.68,274981.0
2016-10-07,316.85,316.85,309.17,311.47,192175.0
2016-10-10,311.98,318.46,307.15,315.93,371824.0
2016-10-13,316.2,322.87,310.32,315.28,874215.0
2016-10-14,317.86,323.56,316.2,321.81,675983.0
2016-10-17,328.06,328.15,317.67,319.24,309914.0
2016-10-18,322.64,325.72,320.29,323.1,751137.0
2016-10-19,326.27,326.27,314.96,316.75,347117.0
2016-10-20,317.58,324.02,317.58,321.03,553749.0
2016-10-21,320.85,321.76,317.21,318.13,134688.0
2016-10-24,320.52,338.08,318.55,336.1,1597576.0
2016-10-25,339.18,346.86,337.53,339.96,1128239.0
2016-10-26,335.97,339.18,331.92,333.94,208112.0
2016-10-27,332.2,332.47,324.98,327.88,210513.0
2016-10-28,327.23,338.63,326.45,329.9,386541.0
2016-11-01,343.46,343.46,329.67,332.52,284010.0
2016-11-02,330.82,335.05,314.59,324.15,311317.0
2016-11-03,324.2,328.11,319.88,322.73,235472.0
2016-11-04,323.14,326.08,308.99,315.84,278305.0
2016-11-07,325.4,328.15,319.1,325.17,198691.0
2016-11-08,327.23,343.6,326.22,332.61,929654.0
2016-11-09,299.66,338.26,266.57,329.58,1124609.0
2016-11-10,340.1,341.02,317.58,325.72,595740.0
2016-11-11,319.88,326.31,295.57,313.86,1636968.0
2016-11-15,308.94,313.63,268.54,296.44,1649952.0
2016-11-16,298.78,304.71,279.44,284.72,1110309.0
2016-11-17,284.03,297.36,280.68,290.33,476145.0
2016-11-18,289.18,292.3,271.16,277.37,678679.0
2016-11-21,283.85,283.85,257.37,266.02,954647.0
2016-11-22,266.11,274.38,258.85,272.31,436999.0
2016-11-23,274.75,277.0,265.79,272.36,240348.0
2016-11-24,271.16,274.29,261.83,264.87,428309.0
2016-11-25,268.41,271.99,262.89,265.05,293613.0
2016-11-28,264.73,267.49,260.87,262.43,170094.0
2016-11-29,263.81,288.35,262.02,283.76,1392237.0
2016-11-30,284.49,286.33,275.76,278.47,347415.0
2016-12-01,280.72,282.56,275.12,277.51,601939.0
2016-12-02,275.76,279.44,263.67,271.62,555991.0
2016-12-05,275.3,275.3,267.95,269.51,125092.0
2016-12-06,270.34,281.6,270.34,274.06,299710.0
2016-12-07,275.67,282.7,272.96,274.61,288090.0
2016-12-08,275.76,279.44,273.97,274.75,169654.0
2016-12-09,273.92,280.26,273.92,279.11,193100.0
2016-12-12,276.68,279.11,271.94,273.0,695661.0
2016-12-13,274.15,274.15,264.73,266.29,276656.0
2016-12-14,266.93,266.93,251.17,255.81,410404.0
2016-12-15,256.92,258.48,245.66,248.83,676052.0
2016-12-16,249.1,252.69,247.26,248.14,361413.0
2016-12-19,243.86,248.18,241.98,245.47,269430.0
2016-12-20,246.53,248.18,240.83,245.29,301691.0
2016-12-21,245.29,255.49,242.67,246.44,339711.0
2016-12-22,247.26,253.51,242.9,249.98,334746.0
2016-12-23,249.1,255.26,244.83,252.78,203242.0
2016-12-26,252.78,252.78,243.59,247.86,216327.0
2016-12-27,245.52,251.68,244.51,250.3,138249.0
2016-12-28,250.48,256.96,247.26,252.27,638558.0
2016-12-29,250.94,260.32,249.56,259.12,245925.0
2016-12-30,259.21,265.65,256.78,259.86,242396.0
2017-01-02,261.97,263.81,258.43,262.15,144601.0
2017-01-03,261.97,268.31,260.13,263.4,285215.0
2017-01-04,263.81,266.02,262.29,263.72,223054.0
2017-01-05,266.57,271.71,263.81,269.23,285723.0
2017-01-06,270.24,273.92,268.54,271.3,345224.0
2017-01-09,271.21,272.17,266.93,268.27,129404.0
2017-01-10,268.41,269.32,263.07,264.82,272573.0
2017-01-11,265.65,268.41,262.15,265.69,604799.0
2017-01-12,266.06,271.9,265.1,267.35,278627.0
2017-01-13,273.74,281.46,270.2,273.28,608217.0
2017-01-16,271.21,280.77,271.21,278.24,272655.0
2017-01-17,280.35,287.52,279.44,285.36,606718.0
2017-01-18,288.63,291.39,284.4,285.32,279067.0
2017-01-19,288.63,288.63,277.64,280.72,203127.0
2017-01-20,276.95,280.12,263.12,271.3,376263.0
2017-01-23,271.12,274.61,266.84,271.94,275683.0
2017-01-24,273.78,277.6,269.19,274.7,244295.0
2017-01-25,274.84,298.55,274.84,295.57,1013430.0
2017-01-27,295.06,303.33,291.25,294.83,465915.0
2017-01-30,294.14,298.23,290.47,294.19,249455.0
2017-01-31,296.81,296.81,275.85,280.95,474182.0
2017-02-01,283.99,302.42,282.19,297.54,611220.0
2017-02-02,302.42,326.31,297.82,318.46,1167810.0
2017-02-03,317.58,328.84,313.03,315.74,518895.0
2017-02-06,319.97,325.76,316.62,323.74,255027.0
2017-02-07,322.36,323.19,307.61,312.89,346808.0
2017-02-08,316.66,317.63,301.4,305.04,375354.0
2017-02-09,311.61,320.52,305.17,311.61,930709.0
2017-02-10,314.09,314.92,309.81,313.31,246589.0
2017-02-13,314.36,318.46,298.83,302.19,460874.0
2017-02-14,312.53,312.53,304.76,307.93,784522.0
2017-02-15,308.85,309.54,299.06,304.99,271006.0
2017-02-16,306.18,322.45,305.17,319.97,747624.0
2017-02-17,321.72,328.06,315.65,320.25,601310.0
2017-02-20,320.8,326.77,318.69,322.09,219328.0
2017-02-21,322.09,324.29,319.14,321.81,198609.0
2017-02-22,324.57,324.57,320.11,322.09,148297.0
2017-02-23,322.36,335.14,320.89,325.12,702280.0
2017-02-27,325.81,331.83,322.82,327.05,237665.0
2017-02-28,327.05,329.81,319.88,327.51,157822.0
2017-03-01,328.06,334.59,327.33,329.81,350158.0
2017-03-02,330.91,333.67,323.56,325.72,184250.0
2017-03-03,325.95,326.22,317.12,319.28,160891.0
2017-03-06,319.88,323.97,319.88,321.86,317329.0
2017-03-07,319.93,324.48,319.42,322.96,131884.0
2017-03-08,322.96,325.67,321.12,323.97,148269.0
2017-03-09,320.34,326.31,319.28,323.42,104208.0
2017-03-10,315.28,315.28,298.74,311.33,763852.0
2017-03-14,319.6,321.67,311.42,313.4,162970.0
2017-03-15,314.09,317.03,312.11,315.93,106984.0
2017-03-16,318.04,321.26,317.03,320.43,193947.0
2017-03-17,320.43,325.3,315.97,320.89,463719.0
2017-03-20,321.72,324.29,312.99,316.94,348700.0
2017-03-21,319.83,324.02,316.3,322.27,336326.0
2017-03-22,318.96,322.27,313.54,319.05,86469.0
2017-03-23,324.43,328.15,322.36,324.98,178348.0
2017-03-24,325.35,329.21,319.83,321.9,144699.0
2017-03-27,322.55,325.85,320.34,321.81,74998.0
2017-03-28,321.63,324.48,320.39,322.59,113002.0
2017-03-29,322.87,358.21,322.87,347.69,1423757.0
2017-03-30,351.94,354.92,340.26,349.09,332618.0
2017-03-31,352.54,364.22,339.84,344.6,1352539.0
2017-04-03,345.58,358.66,343.86,355.53,547342.0
2017-04-05,356.56,375.38,352.68,369.96,1371910.0
2017-04-06,369.96,372.62,351.19,355.02,927564.0
2017-04-07,352.12,361.23,348.48,352.22,652114.0
2017-04-10,356.09,357.21,348.57,350.49,247414.0
2017-04-11,352.03,363.7,352.03,359.73,2067773.0
2017-04-12,361.18,365.34,350.25,357.21,3998068.0
2017-04-13,357.68,370.38,357.68,363.89,922344.0
2017-04-17,364.26,370.29,359.27,368.65,461511.0
2017-04-18,370.62,383.69,366.32,370.24,2408796.0
2017-04-19,368.42,384.81,364.26,380.14,1111978.0
2017-04-20,382.94,391.72,375.47,389.06,1754014.0
2017-04-21,389.58,389.86,375.38,379.63,799906.0
2017-04-24,382.48,382.48,367.58,369.07,807718.0
2017-04-25,370.8,377.39,363.56,367.95,988587.0
2017-04-26,369.03,374.54,357.35,363.28,861874.0
2017-04-27,366.88,374.54,364.4,373.98,793900.0
2017-04-28,374.49,378.23,363.19,368.28,1791011.0
2017-05-02,370.71,370.71,351.19,367.67,895957.0
2017-05-03,368.09,374.4,366.18,369.4,420757.0
2017-05-04,369.4,376.13,366.18,373.84,1001507.0
2017-05-05,374.54,374.54,362.21,365.85,540226.0
2017-05-08,365.2,371.36,364.64,368.51,250670.0
2017-05-09,368.98,373.42,367.53,370.06,488873.0
2017-05-10,371.41,377.81,369.12,372.48,1300117.0
2017-05-11,374.45,375.43,368.42,369.59,329785.0
2017-05-12,369.87,371.64,360.15,364.92,373854.0
2017-05-15,365.2,370.34,362.86,366.55,385865.0
2017-05-16,367.67,374.49,367.3,368.75,514200.0
2017-05-17,370.71,371.74,366.69,369.07,311597.0
2017-05-18,367.07,369.35,350.35,354.18,646434.0
2017-05-19,368.93,374.45,333.86,354.13,3211995.0
2017-05-22,356.89,367.95,355.67,360.01,1733876.0
2017-05-23,361.14,364.03,347.5,357.59,915259.0
2017-05-24,358.66,369.31,358.19,360.58,760640.0
2017-05-25,364.08,367.44,361.32,363.7,580979.0
2017-05-26,367.95,376.78,363.75,372.58,891020.0
2017-05-29,370.8,372.44,361.14,365.2,365945.0
2017-05-30,366.6,370.15,357.26,368.98,248705.0
2017-05-31,369.03,388.08,368.42,385.42,1302071.0
2017-06-01,385.37,390.37,376.73,382.9,987025.0
2017-06-02,387.33,403.49,381.73,399.94,1522773.0
2017-06-05,399.76,410.73,397.98,404.99,1130544.0
2017-06-06,405.03,409.66,394.53,396.81,514532.0
2017-06-07,397.24,412.46,394.9,410.22,629866.0
2017-06-08,414.7,417.92,404.99,406.81,853515.0
2017-06-09,409.7,423.39,394.9,417.22,1619995.0
2017-06-12,424.98,424.98,416.01,419.79,1531400.0
2017-06-13,421.01,435.16,419.65,434.04,1525493.0
2017-06-14,435.16,447.77,429.97,445.43,1277514.0
2017-06-15,443.61,449.45,437.91,441.6,655299.0
2017-06-16,441.97,450.15,439.22,440.71,494930.0
2017-06-19,441.83,445.24,425.77,429.37,486877.0
2017-06-20,429.37,440.9,425.54,434.13,396194.0
2017-06-21,434.32,434.64,426.94,428.8,341056.0
2017-06-22,429.65,434.13,419.56,421.38,354938.0
2017-06-23,422.17,423.76,409.0,417.64,396801.0
2017-06-27,416.85,417.5,406.11,407.28,562976.0
2017-06-28,407.23,423.62,401.58,416.71,745164.0
2017-06-29,419.74,433.75,418.39,429.74,830368.0
2017-06-30,428.24,429.46,420.91,425.12,327367.0
2017-07-03,427.78,434.04,421.8,426.42,438293.0
2017-07-04,429.65,431.51,418.44,420.87,295595.0
2017-07-05,424.04,427.78,418.11,421.38,301216.0
2017-07-06,424.79,427.78,415.82,417.13,546249.0
2017-07-07,419.18,422.97,414.56,419.28,427452.0
2017-07-10,420.31,424.04,415.87,419.84,65893.0
2017-07-11,420.77,422.78,411.43,415.68,323573.0
2017-07-12,417.97,438.57,414.79,436.88,1067168.0
2017-07-13,440.85,443.56,432.77,438.66,960481.0
2017-07-14,439.87,447.39,435.2,441.65,991986.0
2017-07-17,444.54,444.54,433.9,437.49,327343.0
2017-07-18,435.25,444.82,429.74,437.96,488523.0
2017-07-19,437.58,443.98,434.41,439.5,895246.0
2017-07-20,440.43,441.55,427.96,429.79,540333.0
2017-07-21,430.49,434.18,417.74,422.87,452339.0
2017-07-24,423.15,437.96,421.66,430.91,792689.0
2017-07-25,431.51,438.8,425.77,435.2,461333.0
2017-07-26,437.96,451.5,436.18,446.13,1687894.0
2017-07-27,450.15,450.15,432.12,434.64,947528.0
2017-07-28,434.32,443.42,431.79,436.65,568445.0
2017-07-31,437.12,448.33,436.93,442.86,889969.0
2017-08-01,443.47,444.96,438.1,439.5,289288.0
2017-08-02,440.39,441.65,432.45,433.8,878610.0
2017-08-03,434.32,435.95,415.5,423.95,600109.0
2017-08-04,426.7,434.18,422.5,431.28,363852.0
2017-08-07,433.38,447.48,432.45,443.05,645228.0
2017-08-08,448.33,456.73,431.93,447.95,2443765.0
2017-08-09,452.06,452.48,421.94,427.17,1062260.0
2017-08-10,425.12,426.19,386.68,406.01,1501790.0
2017-08-11,402.56,423.06,392.28,413.63,1007259.0
2017-08-14,415.64,426.98,414.51,423.95,377613.0
2017-08-16,424.51,427.5,415.87,423.81,400475.0
2017-08-17,426.38,435.25,424.51,433.15,520185.0
2017-08-18,431.47,436.18,421.24,433.38,504493.0
2017-08-21,435.48,437.02,421.24,424.65,341119.0
2017-08-22,426.84,431.05,410.97,413.67,367591.0
2017-08-23,419.28,421.52,412.46,415.12,454308.0
2017-08-24,416.57,420.31,411.9,414.0,283381.0
2017-08-28,415.26,426.84,413.07,423.25,718218.0
2017-08-29,419.0,427.31,417.64,423.67,428637.0
2017-08-30,424.93,436.6,424.93,432.49,425997.0
2017-08-31,434.97,448.0,431.14,444.82,546665.0
2017-09-01,444.59,449.68,437.68,444.45,531267.0
2017-09-04,429.65,443.61,426.14,432.4,512020.0
2017-09-05,432.35,442.53,430.02,435.44,588587.0
2017-09-06,432.45,477.51,429.79,471.77,2614664.0
2017-09-07,476.07,482.88,457.67,460.05,1641387.0
2017-09-08,461.5,476.81,454.21,457.62,1477425.0
2017-09-11,460.42,478.12,460.0,469.71,1116491.0
2017-09-12,469.81,490.82,461.4,483.86,2147310.0
2017-09-13,488.67,490.82,471.63,474.66,1049586.0
2017-09-14,475.41,482.0,469.81,474.24,482743.0
2017-09-15,474.24,477.19,466.07,473.96,950298.0
2017-09-18,473.96,484.75,472.42,475.23,1051639.0
2017-09-19,479.9,481.62,474.48,476.25,736659.0
2017-09-20,477.84,482.6,471.58,478.82,545670.0
2017-09-21,480.04,482.88,458.55,469.9,717922.0
2017-09-22,467.1,469.81,453.6,455.98,727941.0
2017-09-25,455.98,455.98,427.26,445.15,932044.0
2017-09-26,444.12,454.21,436.93,446.83,645134.0
2017-09-27,449.03,451.03,426.1,430.21,856738.0
2017-09-28,429.65,440.67,425.12,428.57,717862.0
2017-09-29,431.98,445.9,429.65,443.56,914684.0
2017-10-03,448.33,451.83,443.56,445.38,758971.0
2017-10-04,447.39,448.75,440.48,442.35,595222.0
2017-10-05,442.63,451.5,442.63,445.76,401270.0
2017-10-06,448.23,464.16,446.46,461.07,1209931.0
2017-10-09,463.27,463.27,451.22,454.12,506118.0
2017-10-10,454.58,461.07,452.86,458.79,331889.0
2017-10-11,461.4,466.07,447.02,450.85,667854.0
2017-10-12,451.08,466.4,449.03,462.66,630626.0
2017-10-13,465.18,472.61,459.53,465.28,928052.0
2017-10-16,465.88,472.14,459.02,470.13,519160.0
2017-10-17,470.27,470.27,463.36,467.29,322491.0
2017-10-18,467.29,476.25,460.79,469.71,469502.0
2017-10-19,471.16,471.68,464.16,466.63,46582.0
2017-10-23,464.58,470.88,458.6,466.07,556238.0
2017-10-24,466.03,469.15,463.55,466.17,279643.0
2017-10-25,464.76,467.01,448.37,455.28,738808.0
2017-10-26,452.48,459.44,440.53,454.35,1099430.0
2017-10-27,455.1,455.19,448.42,449.45,273218.0
2017-10-30,453.79,467.01,450.19,463.97,521196.0
2017-10-31,465.14,466.91,455.8,460.75,465670.0
2017-11-01,463.69,480.36,460.28,478.07,708061.0
2017-11-02,480.74,484.61,463.41,472.8,589288.0
2017-11-03,473.54,484.38,462.34,464.39,705372.0
2017-11-06,465.6,471.07,453.7,459.81,458022.0
2017-11-07,461.4,463.69,425.16,437.49,984576.0
2017-11-08,438.05,450.75,434.32,443.28,713702.0
2017-11-09,451.13,461.68,448.33,457.99,1495774.0
2017-11-10,457.76,457.95,448.56,451.87,665225.0
2017-11-13,451.13,453.46,429.65,436.23,426861.0
2017-11-14,433.85,441.79,417.97,421.57,611364.0
2017-11-15,420.31,420.82,397.05,401.62,780073.0
2017-11-16,403.68,431.79,403.35,427.87,1336840.0
2017-11-17,432.31,436.65,424.09,426.42,779855.0
2017-11-20,425.91,426.28,418.44,420.02,309428.0
2017-11-21,423.57,428.2,417.64,422.55,571696.0
2017-11-22,423.95,431.98,416.71,430.49,578267.0
2017-11-23,427.78,430.3,421.75,423.62,367833.0
2017-11-24,424.04,426.7,419.51,421.29,401083.0
2017-11-27,421.99,434.13,420.59,432.59,640979.0
2017-11-28,433.66,434.27,422.64,424.37,714343.0
2017-11-29,425.35,430.81,422.17,424.23,455689.0
2017-11-30,423.11,424.98,409.1,413.21,843261.0
2017-12-01,419.37,421.01,408.16,411.43,418230.0
2017-12-04,412.55,416.9,406.72,410.92,224599.0
2017-12-05,410.92,411.85,401.95,409.38,484715.0
2017-12-06,408.91,412.79,400.46,402.37,516737.0
2017-12-07,404.43,408.26,403.35,406.25,267914.0
2017-12-08,406.3,417.32,406.3,410.26,457008.0
2017-12-11,410.92,415.5,407.32,408.91,411038.0
2017-12-12,409.05,411.81,401.62,402.98,242384.0
2017-12-13,401.62,401.62,382.01,385.75,1325259.0
2017-12-14,389.48,398.54,386.68,394.25,1017541.0
2017-12-15,397.89,403.87,396.86,401.3,394785.0
2017-12-18,394.67,414.65,385.05,410.82,765312.0
2017-12-19,412.79,417.74,411.67,415.26,371199.0
2017-12-20,415.26,420.12,411.99,415.4,312358.0
2017-12-21,415.64,445.52,415.64,441.04,1702236.0
2017-12-22,438.33,440.39,429.65,432.82,585421.0
2017-12-26,435.2,441.46,429.6,433.24,578429.0
2017-12-27,433.57,447.39,431.98,444.73,1234849.0
2017-12-28,448.05,452.01,440.06,442.58,601464.0
2017-12-29,444.08,452.06,441.13,443.33,425163.0
2018-01-01,443.56,447.02,437.16,439.27,155817.0
2018-01-02,439.92,443.19,421.1,428.62,599045.0
2018-01-03,429.65,432.45,425.82,427.17,346999.0
2018-01-04,430.49,434.32,424.51,431.47,558723.0
2018-01-05,431.47,442.67,431.42,440.53,508207.0
2018-01-08,440.53,446.74,434.83,439.31,980342.0
2018-01-09,442.25,444.96,437.4,440.48,459443.0
2018-01-10,440.85,444.08,424.04,425.4,1038447.0
2018-01-11,425.26,427.22,419.18,421.33,1057873.0
2018-01-12,422.17,425.58,417.5,421.71,414216.0
2018-01-15,425.54,429.93,421.99,423.25,706309.0
2018-01-16,425.91,427.68,407.04,409.66,489050.0
2018-01-17,410.03,410.5,396.35,403.73,992590.0
2018-01-18,407.23,415.59,397.75,402.75,468250.0
2018-01-19,402.75,408.91,396.53,405.59,390996.0
2018-01-22,407.23,409.75,401.2,404.66,565922.0
2018-01-23,405.73,413.63,403.49,406.76,612008.0
2018-01-24,407.23,408.26,396.49,398.96,693198.0
2018-01-25,407.23,407.23,396.11,397.84,884228.0
2018-01-29,399.85,403.59,390.56,392.1,433636.0
2018-01-30,389.48,398.64,374.31,394.39,1088278.0
2018-01-31,394.15,394.15,380.7,387.85,471658.0
2018-02-01,386.68,410.92,381.22,408.54,1678218.0
2018-02-02,398.54,402.51,372.06,375.57,1350410.0
2018-02-05,368.98,376.36,362.12,369.92,1068692.0
2018-02-06,358.47,379.72,339.51,365.85,1298227.0
2018-02-07,370.43,382.01,366.69,376.36,688593.0
2018-02-08,380.61,409.47,376.97,402.28,1750814.0
2018-02-09,396.95,409.84,385.75,394.06,1561318.0
2018-02-12,396.95,405.27,385.75,390.0,1087669.0
2018-02-14,393.13,398.73,390.79,392.71,596542.0
2018-02-15,398.49,398.68,390.98,393.57,628788.0
2018-02-16,395.53,398.97,387.73,390.07,362414.0
2018-02-19,391.32,392.18,372.18,376.06,564500.0
2018-02-20,376.01,376.54,362.23,364.29,1680253.0
2018-02-21,367.26,367.97,357.83,361.13,466980.0
2018-02-22,363.48,363.48,353.19,354.48,609493.0
2018-02-23,356.87,372.57,356.87,371.03,1549769.0
2018-02-26,373.14,378.69,369.31,371.7,518846.0
2018-02-27,373.76,378.88,370.89,373.86,408611.0
2018-02-28,368.55,376.01,367.21,374.86,356419.0
2018-03-01,375.05,378.26,369.31,371.51,502948.0
2018-03-05,373.14,374.81,364.53,370.32,486556.0
2018-03-06,373.14,378.88,360.75,365.01,529750.0
2018-03-07,365.87,366.44,354.15,361.42,742890.0
2018-03-08,362.14,368.36,355.44,364.82,442524.0
2018-03-09,365.96,369.79,351.23,354.63,608392.0
2018-03-12,357.83,364.53,348.12,361.8,478850.0
2018-03-13,362.61,383.76,359.89,380.84,952319.0
2018-03-14,380.79,388.73,372.23,380.89,824299.0
2018-03-15,381.27,388.45,375.53,380.41,874137.0
2018-03-16,380.79,386.53,376.39,379.5,823743.0
2018-03-19,382.71,386.06,369.36,371.99,817041.0
2018-03-20,369.31,381.65,369.31,372.61,655410.0
2018-03-21,375.05,380.79,372.42,377.4,497807.0
2018-03-22,380.79,382.13,370.13,372.37,693589.0
2018-03-23,368.36,368.36,361.32,364.91,459894.0
2018-03-26,364.53,370.27,361.56,367.54,475925.0
2018-03-27,371.23,388.45,371.18,386.06,1011803.0
2018-03-28,383.62,394.19,381.75,389.83,933515.0
2018-04-02,391.03,398.45,382.99,395.77,1034785.0
2018-04-03,392.37,400.79,389.45,398.78,601937.0
2018-04-04,399.93,408.06,394.48,397.35,593492.0
2018-04-05,403.76,415.19,400.84,414.04,521511.0
2018-04-06,414.18,414.18,405.33,408.73,333690.0
2018-04-09,407.58,412.65,405.19,406.87,447211.0
2018-04-10,408.54,420.02,408.54,416.82,1105855.0
2018-04-11,418.11,421.36,411.98,415.38,766258.0
2018-04-12,416.62,416.72,404.66,410.07,348349.0
2018-04-13,410.41,416.91,408.54,412.56,310889.0
2018-04-16,412.32,425.47,408.3,423.8,590705.0
2018-04-17,424.8,425.81,417.77,420.69,409120.0
2018-04-18,422.32,427.29,408.06,410.31,909904.0
2018-04-19,413.28,413.28,406.48,409.64,488115.0
2018-04-20,408.54,417.05,407.2,414.62,374967.0
2018-04-23,411.41,420.88,409.59,419.02,895976.0
2018-04-24,420.69,430.07,415.33,426.14,658358.0
2018-04-25,426.29,435.09,417.15,419.4,1003372.0
2018-04-26,421.93,428.63,415.24,424.28,649034.0
2018-04-27,424.33,431.88,421.98,429.92,401947.0
2018-04-30,432.17,439.16,428.63,431.36,369288.0
2018-05-02,433.22,437.58,421.22,424.61,374336.0
2018-05-03,421.46,430.55,406.87,423.66,947412.0
2018-05-04,423.66,428.44,419.3,423.27,401416.0
2018-05-07,423.37,430.55,420.45,422.36,1004842.0
2018-05-08,423.85,427.48,421.93,423.66,268274.0
2018-05-09,422.89,426.57,417.29,418.39,368136.0
2018-05-10,419.45,421.98,406.0,415.14,1040195.0
2018-05-11,415.57,420.02,410.36,416.58,256285.0
2018-05-14,417.15,421.46,411.89,413.42,1562137.0
2018-05-15,416.19,423.08,403.33,407.82,759321.0
2018-05-16,413.23,418.11,391.94,401.36,1638626.0
2018-05-17,390.36,404.23,370.84,396.2,3578981.0
2018-05-18,398.02,408.01,391.37,394.09,958995.0
2018-05-21,394.09,396.68,380.27,381.99,1415465.0
2018-05-22,381.7,389.12,376.3,379.79,557826.0
2018-05-23,379.84,385.53,379.41,382.13,804520.0
2018-05-24,385.58,386.39,376.44,381.61,498369.0
2018-05-25,382.56,387.3,379.98,382.52,574658.0
2018-05-28,384.67,388.4,380.08,382.52,1063142.0
2018-05-29,385.58,386.44,371.08,379.41,839344.0
2018-05-30,376.11,381.37,372.95,377.92,205617.0
2018-05-31,377.92,382.47,370.27,372.8,371423.0
2018-06-01,373.14,378.69,363.91,367.06,484523.0
2018-06-04,368.12,368.88,353.09,358.36,593758.0
2018-06-05,358.79,366.92,355.53,364.15,779013.0
2018-06-06,367.4,367.78,362.14,363.72,588475.0
2018-06-07,363.57,370.22,362.52,368.36,1377155.0
2018-06-08,368.36,377.92,364.53,374.81,379792.0
2018-06-11,375.05,380.79,371.23,378.07,430195.0
2018-06-12,378.88,381.22,376.63,378.45,800613.0
2018-06-13,378.69,382.18,369.5,371.32,1133271.0
2018-06-14,367.4,373.19,365.63,368.55,458136.0
2018-06-15,371.13,373.71,367.16,370.36,384864.0
2018-06-18,371.13,377.16,369.31,373.28,280823.0
2018-06-19,373.62,374.1,367.45,370.32,401947.0
2018-06-20,369.22,375.05,369.22,371.23,226364.0
2018-06-21,370.27,372.13,359.22,363.38,307097.0
2018-06-22,361.9,370.27,358.69,367.45,2100797.0
2018-06-25,364.53,367.97,362.42,364.43,511730.0
2018-06-26,362.61,377.64,360.51,376.01,526578.0
2018-06-27,378.02,378.02,363.81,368.79,408459.0
2018-06-28,366.44,370.03,354.67,358.12,765949.0
2018-06-29,361.66,367.78,360.37,363.09,295285.0
2018-07-02,362.66,371.99,357.83,369.36,347874.0
2018-07-03,369.12,374.91,363.62,371.56,207448.0
2018-07-04,371.51,382.42,366.82,380.17,637813.0
2018-07-05,380.79,396.48,380.79,391.56,1570323.0
2018-07-06,392.51,397.06,385.67,387.06,527736.0
2018-07-09,386.53,395.91,386.53,390.84,412848.0
2018-07-10,395.19,404.71,392.71,400.55,739337.0
2018-07-11,399.93,399.93,389.4,390.22,495324.0
2018-07-12,393.23,396.01,382.71,386.63,312133.0
2018-07-13,384.62,386.68,373.23,376.01,191545.0
2018-07-16,377.83,377.92,362.76,371.23,1743538.0
2018-07-17,371.99,387.68,368.79,386.34,299703.0
2018-07-18,390.36,391.32,375.29,383.19,367340.0
2018-07-19,386.53,386.53,369.41,372.42,235039.0
2018-07-20,371.9,376.87,360.75,373.0,867368.0
2018-07-23,375.72,380.79,370.8,378.16,909896.0
2018-07-24,378.4,395.86,378.21,391.94,515047.0
2018-07-25,394.19,394.48,374.1,376.25,1107143.0
2018-07-26,374.1,394.95,369.98,390.55,2762257.0
2018-07-27,390.5,396.87,375.24,394.57,900578.0
2018-07-30,394.76,396.63,385.43,392.66,512570.0
2018-07-31,393.23,394.71,383.76,387.06,650997.0
2018-08-01,387.06,390.74,379.36,383.38,331885.0
2018-08-02,383.38,391.27,379.21,386.39,746798.0
2018-08-03,388.26,399.93,387.49,395.29,820646.0
2018-08-06,395.38,413.99,393.52,406.82,996856.0
2018-08-07,409.31,412.65,399.26,401.94,467060.0
2018-08-08,402.8,409.21,398.02,401.79,543828.0
2018-08-09,401.84,409.5,401.84,407.87,534304.0
2018-08-10,411.41,411.41,392.08,395.34,469306.0
2018-08-13,393.81,398.06,387.68,393.52,282779.0
2018-08-14,393.23,394.67,380.89,392.9,537090.0
2018-08-16,389.88,397.92,387.78,394.0,239443.0
2018-08-17,397.06,397.06,387.01,387.97,315217.0
2018-08-20,386.25,390.31,373.14,381.37,899544.0
2018-08-21,381.37,390.55,377.78,388.64,415093.0
2018-08-23,388.45,393.14,385.0,391.03,416629.0
2018-08-24,387.49,393.52,386.06,389.79,340424.0
2018-08-27,389.4,395.0,387.16,392.47,499392.0
2018-08-28,392.99,394.19,387.92,391.65,249326.0
2018-08-29,391.6,397.35,389.93,391.99,291857.0
2018-08-30,392.75,395.34,389.12,391.41,248167.0
2018-08-31,393.09,396.91,386.25,391.7,394622.0
2018-09-03,396.87,396.87,384.72,386.82,601928.0
2018-09-04,386.53,390.94,380.79,382.56,813483.0
2018-09-05,387.49,423.27,383.9,417.92,10490368.0
2018-09-06,422.89,438.15,416.24,431.36,5393398.0
2018-09-07,430.45,449.68,425.86,446.86,2905981.0
2018-09-10,448.53,453.84,431.5,433.75,1917524.0
2018-09-11,433.7,436.24,415.28,418.06,2537875.0
2018-09-12,419.54,439.25,418.25,431.6,2184014.0
2018-09-14,432.99,439.59,426.86,435.76,931658.0
2018-09-17,434.37,437.05,425.95,430.07,724591.0
2018-09-18,426.72,434.37,422.17,424.85,410766.0
2018-09-19,428.44,454.46,428.3,440.11,3901764.0
2018-09-21,444.08,458.63,396.1,437.58,4126022.0
2018-09-24,432.46,433.42,409.02,412.89,1143852.0
2018-09-25,411.84,419.78,395.14,409.16,2146742.0
2018-09-26,411.41,418.68,397.06,413.99,1234890.0
2018-09-27,415.24,418.92,392.27,398.02,1784895.0
2018-09-28,401.84,402.89,369.17,385.96,2024932.0
2018-10-01,378.4,424.52,371.46,407.54,1048343.0
2018-10-03,397.06,404.43,385.96,389.5,1176176.0
2018-10-04,387.49,389.93,373.14,379.36,837063.0
2018-10-05,379.98,387.97,362.14,367.11,896852.0
2018-10-08,363.28,372.52,350.85,363.67,901859.0
2018-10-09,367.4,368.36,340.61,356.92,1208718.0
2018-10-10,358.79,392.27,358.79,387.35,3176911.0
2018-10-11,363.57,389.4,362.09,380.08,1265923.0
2018-10-12,390.07,392.42,379.98,385.39,826244.0
2018-10-15,385.58,390.41,381.18,383.66,494367.0
2018-10-16,385.58,390.07,383.9,387.3,384079.0
2018-10-17,392.27,394.38,380.41,385.19,482188.0
2018-10-19,379.84,386.96,351.32,363.0,1103180.0
2018-10-22,368.36,388.88,361.66,382.13,1170557.0
2018-10-23,377.92,389.07,372.18,379.21,712818.0
2018-10-24,381.56,385.82,373.04,379.02,715085.0
2018-10-25,377.64,377.64,365.49,372.13,2497249.0
2018-10-26,372.13,382.85,370.27,381.51,594563.0
2018-10-29,388.59,390.36,375.1,385.86,896203.0
2018-10-30,385.86,387.44,373.14,378.59,965128.0
2018-10-31,385.0,393.95,369.93,391.65,1231070.0
2018-11-01,394.48,413.75,392.27,408.83,896552.0
2018-11-02,411.41,426.48,411.41,417.53,802111.0
2018-11-05,417.63,438.68,416.19,422.36,1312400.0
2018-11-06,424.71,437.24,420.5,425.38,675165.0
2018-11-07,425.38,430.35,425.38,428.06,73291.0
2018-11-09,428.54,449.2,424.8,440.88,915869.0
2018-11-12,443.61,445.47,430.55,432.46,668444.0
2018-11-13,430.45,434.76,423.18,431.17,671312.0
2018-11-14,431.79,448.72,430.64,440.11,724692.0
2018-11-15,439.16,449.68,432.55,447.34,535083.0
2018-11-16,449.39,449.39,433.7,440.97,515117.0
2018-11-19,438.3,452.46,437.82,441.17,428383.0
2018-11-20,443.94,446.04,430.55,433.46,505017.0
2018-11-21,431.84,435.76,426.72,433.22,848601.0
2018-11-22,433.61,441.88,432.55,434.23,538913.0
2018-11-26,435.38,441.5,428.63,439.2,369859.0
2018-11-27,439.16,445.66,431.26,442.17,670377.0
2018-11-28,438.44,446.14,430.83,432.79,477504.0
2018-11-29,435.62,436.96,416.24,426.34,973918.0
2018-11-30,430.55,435.19,423.13,433.03,702937.0
2018-12-03,433.42,441.55,426.77,428.92,284847.0
2018-12-04,428.92,436.57,422.08,426.05,717442.0
2018-12-05,426.34,432.03,420.98,428.01,474259.0
2018-12-06,424.8,434.76,372.47,402.46,7106208.0
2018-12-07,412.41,462.79,412.41,450.92,13228672.0
2018-12-10,435.14,467.67,430.45,444.08,7586556.0
2018-12-11,440.21,454.75,436.53,449.25,1990904.0
2018-12-12,452.41,462.02,449.68,457.33,1408268.0
2018-12-13,457.33,462.12,452.79,460.49,1227007.0
2018-12-14,456.38,463.41,445.47,451.16,950903.0
2018-12-17,451.59,463.27,451.16,457.29,990385.0
2018-12-18,455.42,464.56,452.55,462.88,971500.0
2018-12-19,466.9,487.95,462.12,481.59,4420035.0
2018-12-20,475.99,489.1,475.99,477.91,1887351.0
2018-12-21,479.34,483.17,463.79,465.56,1550585.0
2018-12-24,466.9,479.87,465.32,472.98,1352810.0
2018-12-26,474.56,482.69,457.72,477.86,1577695.0
2018-12-27,480.01,483.07,470.2,471.78,895299.0
2018-12-28,475.42,488.62,473.89,482.69,1509008.0
2018-12-31,485.7,496.18,481.88,493.69,1775209.0
2019-01-01,493.69,495.32,488.72,490.34,573931.0
2019-01-02,491.3,493.26,476.47,480.54,973749.0
2019-01-03,481.35,483.93,472.74,474.32,482416.0
2019-01-04,476.8,486.8,468.53,480.25,1409156.0
2019-01-07,486.37,492.74,477.28,491.2,1073922.0
2019-01-08,489.53,508.04,488.05,494.65,2800412.0
2019-01-09,499.43,500.1,487.04,494.41,817662.0
2019-01-10,494.36,506.99,493.4,501.87,1543255.0
2019-01-11,499.91,521.77,499.62,514.69,1436280.0
2019-01-14,511.82,515.22,505.17,508.67,613762.0
2019-01-15,509.0,519.91,508.23,518.23,806950.0
2019-01-16,517.42,520.48,509.14,513.93,820323.0
2019-01-17,512.92,516.51,505.8,510.34,688271.0
2019-01-18,510.34,513.59,501.97,504.79,635070.0
2019-01-21,503.45,525.17,500.87,521.39,813797.0
2019-01-22,521.39,525.98,511.92,518.95,757767.0
2019-01-23,520.19,524.31,514.41,518.28,679777.0
2019-01-24,515.7,525.65,515.7,517.71,685146.0
2019-01-25,517.66,522.83,509.48,511.39,417368.0
2019-01-28,514.74,514.74,480.92,487.04,2100474.0
2019-01-29,487.04,495.56,470.06,474.03,1244124.0
2019-01-30,475.9,482.02,470.3,478.86,452304.0
2019-01-31,478.38,483.45,473.6,477.86,1024259.0
2019-02-01,478.81,489.77,461.16,471.26,1079351.0
2019-02-04,471.69,483.17,462.31,480.35,498204.0
2019-02-05,479.34,482.21,472.5,477.24,396252.0
2019-02-06,474.56,488.09,452.17,463.98,2498632.0
2019-02-07,470.63,508.9,463.98,493.93,4153472.0
2019-02-08,493.69,504.22,486.66,495.84,2129475.0
2019-02-11,495.84,498.24,480.73,483.26,910606.0
2019-02-12,483.65,493.55,483.41,490.68,647541.0
2019-02-13,483.65,493.55,483.41,490.68,647541.0
2019-02-14,485.08,506.85,485.08,504.36,1131695.0
2019-02-15,503.26,507.57,488.53,495.84,918950.0
2019-02-18,499.43,503.12,492.74,497.9,555956.0
2019-02-19,497.52,505.65,493.69,496.51,639503.0
2019-02-20,495.51,502.3,493.5,496.75,504918.0
2019-02-21,497.52,515.08,497.52,511.25,1727824.0
2019-02-22,514.36,518.57,503.83,512.11,1716682.0
2019-02-25,513.78,519.24,509.96,513.45,869664.0
2019-02-26,510.91,512.73,496.71,503.21,678123.0
2019-02-27,505.13,511.77,491.3,494.51,890471.0
2019-02-28,504.22,507.09,492.69,505.17,768101.0
2019-03-01,505.46,513.11,505.46,507.76,677044.0
2019-03-05,502.3,553.82,502.3,544.93,2520463.0
2019-03-06,545.36,551.91,534.12,543.11,968467.0
2019-03-07,540.57,553.01,536.41,548.04,513822.0
2019-03-08,550.05,561.14,543.49,546.22,1469812.0
2019-03-11,548.71,572.15,547.46,568.32,2761767.0
2019-03-12,571.67,579.71,562.87,567.12,1125370.0
2019-03-13,570.23,577.12,564.54,566.36,879215.0
2019-03-14,571.19,586.4,566.55,569.75,1980768.0
2019-03-15,572.15,580.57,567.84,571.09,2331463.0
2019-03-18,574.06,579.13,565.64,566.98,422231.0
2019-03-19,573.49,577.07,568.37,571.81,822797.0
2019-03-20,574.06,574.06,564.06,567.55,413943.0
2019-03-22,569.28,575.88,565.78,568.65,681777.0
2019-03-25,566.88,568.03,559.33,565.69,448632.0
2019-03-26,567.84,575.93,566.41,570.14,796801.0
2019-03-27,574.06,577.12,563.68,568.27,1402151.0
2019-03-28,572.53,587.17,570.28,583.58,2419862.0
2019-03-29,572.53,587.17,570.28,583.58,2419862.0
2019-04-01,591.28,595.59,585.73,587.55,681175.0
2019-04-02,590.33,596.93,582.1,590.42,985966.0
2019-04-03,590.95,604.58,578.94,583.15,1703701.0
2019-04-04,586.59,590.9,577.65,580.09,596132.0
2019-04-05,581.71,596.02,577.89,590.37,880829.0
2019-04-08,601.71,601.71,584.01,587.12,814441.0
2019-04-09,587.12,589.51,575.69,587.02,606254.0
2019-04-10,585.54,591.28,580.71,583.72,354806.0
2019-04-11,589.48,600.02,580.94,596.07,1216659.0
2019-04-12,595.34,604.95,595.34,600.95,1170077.0
2019-04-15,601.24,606.95,594.26,595.97,628357.0
2019-04-16,601.0,601.0,595.34,599.1,242338.0
2019-04-18,599.24,608.95,598.51,601.44,731261.0
2019-04-22,600.22,600.22,571.43,575.14,621370.0
2019-04-23,578.65,583.43,571.04,572.74,550635.0
2019-04-24,575.82,582.26,568.35,572.6,423140.0
2019-04-25,572.84,582.26,559.13,566.21,1035248.0
2019-04-26,567.72,580.5,559.62,577.82,959856.0
2019-04-30,573.04,586.07,565.33,582.65,740162.0
2019-05-02,579.43,590.46,575.23,580.65,639544.0
2019-05-03,579.14,595.24,577.97,585.24,449155.0
2019-05-06,582.45,588.85,574.84,579.04,232454.0
2019-05-07,580.6,584.75,550.05,552.79,759832.0
2019-05-08,547.03,556.4,542.93,547.95,1326524.0
2019-05-09,550.44,558.01,546.69,552.83,590369.0
2019-05-10,556.25,567.77,554.01,559.32,729308.0
2019-05-13,557.08,557.32,529.7,534.1,905359.0
2019-05-14,541.66,565.03,536.83,556.54,3557860.0
2019-05-15,560.01,562.25,554.4,558.1,817962.0
2019-05-16,558.25,566.89,552.49,563.23,792162.0
2019-05-17,565.28,572.4,561.28,565.47,1097100.0
2019-05-20,589.48,608.81,577.04,603.19,1714555.0
2019-05-21,605.1,622.23,593.78,604.66,2514715.0
2019-05-22,608.42,609.0,600.22,603.83,719888.0
2019-05-23,605.1,627.45,603.34,605.39,1283494.0
2019-05-24,602.36,630.33,602.17,626.32,1449066.0
2019-05-27,626.57,636.57,624.62,631.69,1235902.0
2019-05-28,629.5,634.18,614.56,618.96,701073.0
2019-05-29,618.76,619.98,611.39,614.03,562539.0
2019-05-30,614.03,628.86,608.9,625.59,963987.0
2019-05-31,623.64,638.67,618.37,635.06,1296006.0
2019-06-03,634.38,635.4,623.64,626.96,555337.0
2019-06-04,625.89,640.62,625.59,630.18,980250.0
2019-06-06,634.38,634.38,613.88,617.49,534020.0
2019-06-07,617.49,620.32,593.87,600.71,1284021.0
2019-06-10,601.19,629.5,601.19,626.28,1227154.0
2019-06-11,627.25,638.96,620.03,629.11,1219055.0
2019-06-12,628.52,634.96,620.96,622.86,542207.0
2019-06-13,622.86,628.18,619.79,626.32,527774.0
2019-06-14,625.59,632.18,615.98,618.91,661811.0
2019-06-17,619.0,623.84,603.58,605.98,637980.0
2019-06-18,608.85,616.32,603.39,607.15,596589.0
2019-06-19,607.1,614.22,585.58,594.7,969035.0
2019-06-20,600.27,611.83,591.87,608.07,519052.0
2019-06-21,610.47,617.59,603.93,608.51,978849.0
2019-06-24,608.76,610.22,596.9,599.88,321889.0
2019-06-25,604.71,625.74,601.24,624.08,2072164.0
2019-06-26,623.15,628.03,611.93,624.67,999891.0
2019-06-27,623.64,630.23,619.59,624.67,891901.0
2019-06-28,624.62,634.13,622.76,629.3,844283.0
2019-07-01,631.4,633.89,613.44,616.03,696542.0
2019-07-02,619.69,624.13,612.95,622.81,562275.0
2019-07-03,629.4,629.4,614.27,621.54,704659.0
2019-07-04,624.32,624.32,607.29,609.64,680111.0
2019-07-05,614.76,618.76,605.1,610.66,569412.0
2019-07-08,613.64,613.64,583.77,587.38,819901.0
2019-07-09,587.68,603.63,578.01,599.68,678509.0
2019-07-10,602.71,604.07,589.19,591.48,457917.0
2019-07-11,594.36,607.83,593.0,602.56,514163.0
2019-07-12,603.05,609.49,597.39,602.71,390402.0
2019-07-15,603.1,607.54,587.53,598.61,669794.0
2019-07-16,595.92,618.76,594.95,616.56,758903.0
2019-07-17,616.52,623.35,610.56,618.27,1554712.0
2019-07-18,617.0,619.79,608.27,610.9,439237.0
2019-07-19,613.93,619.74,578.75,591.53,812407.0
2019-07-22,588.51,605.1,588.41,602.17,640679.0
2019-07-23,604.46,605.19,592.9,594.9,511134.0
2019-07-24,600.8,600.8,570.69,576.36,1096600.0
2019-07-25,572.31,590.56,571.52,580.89,868340.0
2019-07-26,576.16,582.94,568.84,576.89,654641.0
2019-07-29,576.89,578.36,557.62,575.57,1175094.0
2019-07-30,573.96,593.24,573.57,587.38,1230503.0
2019-07-31,588.51,598.27,580.7,593.34,815955.0
2019-08-01,586.7,603.05,586.7,595.63,1350687.0
2019-08-02,595.83,610.03,590.85,606.37,961630.0
2019-08-05,605.29,610.81,591.43,597.92,1133597.0
2019-08-06,595.39,613.59,592.51,609.83,839726.0
2019-08-07,606.76,622.18,606.76,611.73,1202504.0
2019-08-08,615.83,624.08,610.22,620.08,554058.0
2019-08-09,623.64,639.74,622.42,632.67,1109675.0
2019-08-13,631.45,631.45,578.21,585.53,2254196.0
2019-08-14,593.14,603.1,587.14,599.29,1298340.0
2019-08-16,603.15,622.71,602.17,619.79,1166807.0
2019-08-19,620.32,622.42,609.98,614.47,441478.0
2019-08-20,611.93,612.91,602.17,605.59,512254.0
2019-08-21,607.05,607.05,591.63,596.51,611742.0
2019-08-22,595.14,604.46,578.99,583.58,785726.0
2019-08-23,578.36,603.58,578.36,597.24,802343.0
2019-08-26,613.88,613.88,598.66,609.39,812998.0
2019-08-27,613.88,622.66,609.98,620.22,816840.0
2019-08-28,619.74,622.52,603.44,607.98,643394.0
2019-08-29,598.31,604.76,578.75,601.05,1561677.0
2019-08-30,600.02,600.02,583.19,592.7,704359.0
2019-09-03,589.48,599.68,588.16,591.92,492602.0
2019-09-04,592.41,593.24,567.18,574.74,1695362.0
2019-09-05,579.72,581.67,571.04,576.45,574193.0
2019-09-06,560.2,574.79,543.61,571.18,3846318.0
2019-09-09,562.3,595.34,562.3,592.26,1157319.0
2019-09-11,594.36,598.31,582.85,589.68,1150631.0
2019-09-12,588.85,598.41,584.21,588.55,991414.0
2019-09-13,585.58,590.41,581.24,584.31,511125.0
2019-09-16,581.53,595.83,580.7,585.29,837175.0
2019-09-17,585.58,588.41,574.7,578.75,584668.0
2019-09-18,580.89,590.8,574.84,576.65,1090345.0
2019-09-19,579.72,579.72,568.01,570.4,474812.0
2019-09-20,570.4,616.76,562.35,614.42,1313245.0
2019-09-23,619.74,637.35,619.74,629.55,1142994.0
2019-09-24,635.35,682.2,631.69,673.37,2401596.0
2019-09-25,667.66,671.46,644.23,653.07,1223779.0
2019-09-26,655.85,668.44,654.97,664.63,911163.0
2019-09-27,667.56,681.22,664.19,671.32,1497876.0
2019-09-30,668.29,671.17,656.38,659.65,851468.0
2019-10-01,662.73,669.51,643.26,656.63,1181129.0
2019-10-03,653.31,670.29,646.97,649.75,915774.0
2019-10-04,652.82,657.02,645.21,649.89,541720.0
2019-10-07,649.99,657.99,644.77,654.14,499850.0
2019-10-09,653.9,673.37,649.11,669.61,820272.0
2019-10-10,668.54,669.9,647.11,651.26,676392.0
2019-10-11,654.82,662.92,638.67,647.31,764787.0
2019-10-14,650.97,655.99,638.43,643.11,632814.0
2019-10-15,634.62,642.18,616.37,637.16,1770080.0
2019-10-16,640.23,647.06,626.57,628.13,722327.0
2019-10-17,632.03,641.11,622.27,638.38,828043.0
2019-10-18,632.72,662.14,632.72,659.56,752940.0
2019-10-22,662.19,676.68,660.43,670.39,835554.0
2019-10-23,670.39,680.05,665.12,667.51,687845.0
2019-10-24,671.46,671.46,650.63,653.55,1001303.0
2019-10-25,657.65,657.65,643.7,646.33,343226.0
2019-10-29,649.16,696.4,645.6,690.2,1674717.0
2019-10-30,683.76,696.45,680.39,689.08,1068141.0
2019-10-31,691.47,701.38,682.88,690.64,1086375.0
2019-11-01,692.93,700.25,689.76,692.1,533996.0
2019-11-04,690.98,697.08,687.86,689.42,311815.0
2019-11-05,689.42,693.08,683.17,687.57,240137.0
2019-11-06,683.71,687.37,662.29,673.56,713743.0
2019-11-07,677.76,682.0,666.88,668.58,300378.0
2019-11-08,666.58,670.34,657.02,658.68,330246.0
2019-11-11,658.43,663.7,651.85,653.21,237653.0
2019-11-13,653.21,656.19,631.94,634.47,597227.0
2019-11-14,662.68,700.25,649.26,694.4,6338305.0
2019-11-15,693.91,696.84,683.17,684.78,1477005.0
2019-11-18,688.05,719.53,685.81,695.33,3792367.0
2019-11-19,698.55,710.11,681.61,691.18,2592903.0
2019-11-20,686.1,688.4,673.81,679.66,1208865.0
2019-11-21,679.42,687.27,668.73,670.58,1183967.0
2019-11-22,673.85,675.51,665.66,668.73,677437.0
2019-11-25,672.44,677.17,663.07,668.44,1055345.0
2019-11-26,668.53,687.08,661.41,665.36,3277393.0
2019-11-27,665.61,680.83,665.61,675.61,995284.0
2019-11-28,678.29,684.15,670.0,672.68,568950.0
2019-11-29,676.83,678.83,659.31,661.75,653796.0
2019-12-02,661.75,668.39,646.58,660.82,1988674.0
2019-12-03,662.87,670.19,644.92,651.99,1247444.0
2019-12-04,649.02,659.95,646.53,655.12,1375158.0
2019-12-05,655.12,681.27,655.07,678.49,1922475.0
2019-12-06,678.29,686.0,673.71,677.76,1310419.0
2019-12-09,676.34,677.27,663.56,669.41,643789.0
2019-12-10,673.51,686.64,669.61,674.63,1328895.0
2019-12-11,675.85,683.08,670.15,681.03,1009404.0
2019-12-12,687.37,697.42,681.03,695.67,1591846.0
2019-12-13,695.76,702.74,692.49,699.77,714323.0
2019-12-16,698.5,705.77,692.49,702.55,895191.0
2019-12-17,704.65,704.99,697.23,699.96,611896.0
2019-12-18,699.96,702.94,690.98,697.96,439512.0
2019-12-19,697.96,722.99,694.25,711.57,2229155.0
2019-12-20,711.57,718.21,705.77,714.41,843803.0
2019-12-23,714.89,731.63,707.96,726.02,2266616.0
2019-12-24,727.0,730.02,721.87,726.26,1016526.0
2019-12-26,723.48,734.41,723.48,732.51,1076447.0
2019-12-27,732.56,744.22,728.12,740.27,1085845.0
2019-12-30,736.07,749.2,736.07,747.25,1110502.0
2019-12-31,747.59,752.91,741.93,743.15,819850.0
2020-01-01,742.71,747.2,739.78,742.32,248641.0
2020-01-02,746.03,753.74,743.98,750.08,459220.0
2020-01-03,744.76,754.27,744.76,752.27,414687.0
2020-01-06,753.93,760.23,736.27,737.93,1814426.0
2020-01-07,745.64,747.59,727.09,731.97,1005706.0
2020-01-08,724.16,735.49,722.7,728.36,710695.0
2020-01-09,734.9,736.75,722.21,724.16,694565.0
2020-01-10,725.14,734.61,722.41,729.87,612619.0
2020-01-13,731.0,743.05,729.63,732.12,902246.0
2020-01-14,732.17,749.1,732.17,745.98,672650.0
2020-01-15,747.59,753.44,740.07,741.88,991772.0
2020-01-16,741.93,777.26,741.93,770.08,1862469.0
2020-01-17,770.08,773.16,756.86,761.06,487514.0
2020-01-20,762.23,767.6,751.25,755.59,309286.0
2020-01-21,755.44,757.15,743.34,750.52,574086.0
2020-01-22,754.42,756.23,737.34,739.78,720758.0
2020-01-23,736.85,745.49,735.63,742.03,857187.0
2020-01-24,743.59,747.59,732.22,733.88,1028438.0
2020-01-27,729.14,746.61,729.04,733.09,810056.0
2020-01-28,731.97,742.46,728.46,739.24,760266.0
2020-01-29,743.68,750.96,739.49,743.0,510568.0
2020-01-30,740.76,763.35,737.88,754.71,1130273.0
2020-01-31,763.64,763.64,740.61,744.32,534770.0
2020-02-03,731.97,736.02,715.14,730.36,570401.0
2020-02-04,734.9,757.64,733.63,751.88,979958.0
2020-02-05,752.47,762.47,737.93,741.39,800891.0
2020-02-06,738.8,753.74,731.0,745.15,883115.0
2020-02-07,745.64,748.37,737.1,742.66,406092.0
2020-02-10,743.68,746.32,734.8,742.03,315966.0
2020-02-11,741.78,747.05,726.26,729.44,713531.0
2020-02-12,729.0,736.51,721.24,723.82,534464.0
2020-02-13,725.04,729.97,719.29,722.6,405771.0
2020-02-14,726.95,731.97,722.31,728.95,665969.0
2020-02-17,763.2,860.8,750.52,852.89,19143503.0
2020-02-18,849.09,877.24,825.67,848.41,19323677.0
2020-02-19,849.09,867.63,837.18,854.07,3876635.0
2020-02-20,852.02,912.97,845.62,890.76,9227400.0
2020-02-24,880.22,922.29,871.93,911.01,6900742.0
2020-02-25,910.57,931.56,904.47,921.7,4338699.0
2020-02-26,917.41,931.12,912.53,917.36,2961194.0
2020-02-27,922.29,924.92,884.42,908.38,3546208.0
2020-02-28,883.25,893.93,850.45,859.09,2605536.0
2020-03-02,860.9,880.12,829.96,839.43,2891530.0
2020-03-03,838.35,855.82,825.86,845.18,2390316.0
2020-03-04,849.09,857.87,830.54,852.31,2480690.0
2020-03-05,858.65,869.83,848.21,856.85,1338135.0
2020-03-06,829.57,853.77,820.35,848.75,1002524.0
2020-03-09,841.28,842.99,798.63,810.34,2006855.0
2020-03-11,808.88,836.35,805.17,813.71,2067363.0
2020-03-12,782.97,793.07,731.97,738.41,2809511.0
2020-03-13,674.68,797.8,634.43,784.72,2279343.0
2020-03-16,756.18,756.37,692.93,697.52,2122285.0
2020-03-17,711.33,711.33,605.88,624.76,4408828.0
2020-03-18,638.28,651.94,575.82,586.55,3319559.0
2020-03-19,537.07,586.07,472.32,569.82,4459422.0
2020-03-20,569.77,620.71,568.89,609.05,3163530.0
2020-03-23,548.15,599.95,500.0,508.3,2089687.0
2020-03-24,544.15,555.5,476.8,514.7,3311278.0
2020-03-25,500.0,610.0,499.1,600.8,3625482.0
2020-03-26,606.0,629.45,581.65,606.4,3344916.0
2020-03-27,628.7,691.45,609.25,618.7,2521378.0
2020-03-30,609.4,623.65,582.0,611.95,1903403.0
2020-03-31,613.0,630.5,609.1,613.15,1189965.0
2020-04-01,603.35,614.75,594.5,604.5,1558510.0
2020-04-03,606.0,626.0,593.7,606.0,1336172.0
2020-04-07,620.95,684.0,620.95,675.85,1880919.0
2020-04-08,662.3,743.4,652.5,687.15,2502475.0
2020-04-09,700.0,749.95,700.0,734.95,1722591.0
2020-04-13,743.0,751.65,708.45,746.0,2165713.0
2020-04-15,735.0,738.5,676.8,691.3,4472655.0
2020-04-16,672.0,705.0,658.45,693.6,4330356.0
2020-04-17,715.1,735.65,693.0,706.8,4064006.0
2020-04-20,714.75,759.0,703.8,735.0,5228457.0
2020-04-21,719.95,732.55,703.05,721.05,1702397.0
2020-04-22,717.5,768.0,717.5,759.9,2896903.0
2020-04-23,768.7,856.85,762.0,817.3,5307219.0
2020-04-24,809.4,834.0,798.05,813.95,3538348.0
2020-04-27,828.0,847.8,815.55,820.05,2025116.0
2020-04-28,832.0,836.0,807.4,826.6,1638939.0
2020-04-29,832.7,841.7,818.3,824.2,1087042.0
2020-04-30,829.0,875.0,823.25,862.7,3162243.0
2020-05-04,822.0,840.0,772.0,783.8,2362296.0
2020-05-05,802.45,811.9,778.0,782.0,2086596.0
2020-05-06,790.0,828.8,763.4,813.45,2409658.0
2020-05-07,810.0,836.5,805.1,820.65,1637424.0
2020-05-08,832.0,848.7,803.5,809.65,1605073.0
2020-05-11,814.7,842.95,813.0,825.55,1633059.0
2020-05-12,823.0,827.0,798.0,816.1,1377777.0
2020-05-13,840.5,845.0,808.0,812.3,1317340.0
2020-05-14,813.0,831.95,802.35,818.45,1180843.0
2020-05-15,829.0,831.9,806.05,819.85,1617517.0
2020-05-18,816.0,819.55,768.0,776.6,2798879.0
2020-05-19,786.1,801.0,765.6,781.35,2411845.0
